nep4 3 Mg O H 
cutoff 6.5 4.5 323 107
n_max 4 4
basis_size 8 8
l_max 4 2 0
ANN 30 0
  4.4158721e-01
  9.5043916e-01
 -8.1024623e-01
 -1.1629155e+00
 -1.1477076e-01
  2.1367533e-02
  1.8953873e+00
 -7.1633106e-01
  2.2964386e-02
  1.7643604e-01
 -2.5679363e-02
 -7.0760362e-02
 -3.5418034e-01
  1.9898555e-01
 -1.1404735e-03
 -2.0104046e-03
 -2.0860597e-01
 -1.2913688e+00
 -1.7195676e-02
 -7.1981514e-01
 -1.2779090e-01
 -5.0759870e-03
 -6.0119419e-03
 -2.2926062e-01
  9.7129178e-01
  1.6649831e-02
 -4.3107234e-03
  1.1059215e-02
  1.1772907e-02
 -2.1262986e-03
 -1.3869025e-03
 -3.4159082e-01
 -5.5251911e-02
 -3.7565522e-02
 -1.1655930e+00
 -9.7822389e-03
  2.4409667e-03
  1.9321980e-02
 -3.3209071e-04
 -7.7606685e-02
 -3.4673888e-02
  7.7767605e-03
  7.2950967e-02
  5.4600164e-03
  4.1878624e-03
  9.1107106e-03
  1.1577847e-02
 -3.3303812e-02
  4.4160066e-03
 -9.0312278e-03
 -1.3093941e-04
  1.0528104e-01
  2.5213507e-01
 -2.0243588e-03
  3.4978215e-02
 -3.9747185e-05
 -1.3193194e-03
  8.4503302e-03
 -1.7187047e-04
 -9.1994600e-03
  8.8529937e-02
 -9.3492568e-01
 -3.8466009e-01
 -1.3992637e+00
  2.5157550e-01
 -1.4567384e-02
  4.4383537e-03
 -2.2952058e-03
 -1.4805810e-02
 -7.3756236e-03
 -3.7641886e-03
 -1.8464117e-03
 -3.0724765e-03
  9.9430280e-03
 -8.2282759e-03
 -2.8812459e-01
 -6.4630159e-03
 -2.1023892e-01
  2.6341414e-03
 -2.0375330e-02
 -5.2942270e-03
 -1.3120002e-02
  5.3168762e-02
 -1.8888562e+00
 -2.0295342e-03
  3.9957087e-03
 -6.3945469e-03
  1.6854458e-02
  4.3202201e-03
 -5.7310043e-03
 -1.4039726e-02
  4.2909977e-01
 -1.4731789e-01
 -4.3984804e-01
 -9.2164838e-01
 -2.2626696e-02
 -1.7850080e-03
 -4.1940967e-03
 -1.9996321e-01
 -5.6298273e-03
 -3.8802016e-03
  8.3282599e-03
  8.7973177e-03
  3.2041166e-03
  5.3519680e-04
  1.3309502e-02
 -9.3754176e-03
 -7.1008625e-03
  4.5226859e-03
 -3.9454561e-02
 -5.2360753e-03
 -6.2860956e-04
 -1.2289165e-03
 -1.1959234e-01
  4.8827995e-02
 -7.7648470e-03
 -8.8116284e-03
 -7.6111583e-03
 -5.1234788e-03
  1.3334751e-02
  2.1529727e+00
 -4.6166122e-01
 -1.2311587e+00
 -2.4565959e+00
 -1.8736638e+00
  5.7078516e-01
 -1.8589232e-03
 -2.0696872e-03
 -6.9653318e-04
  1.0788320e+00
 -5.7400059e-04
 -1.1943703e-01
 -3.9236698e-01
  2.7748320e-01
  7.6940148e-03
 -1.5179375e-01
 -5.5191594e-01
  7.2162300e-02
 -4.6860003e-01
  3.7179634e-02
 -5.0324317e-02
  9.0301204e-03
 -1.3916146e-02
  2.5977606e-01
  1.5047865e+00
  1.7579754e-03
 -2.0431178e-02
  7.9992823e-03
 -4.2826957e-03
  4.7219447e-03
  7.8894711e-01
  7.4103677e-01
 -1.3403882e+00
 -2.2235963e-01
 -9.9450243e-01
  1.8289467e-02
  3.7313648e-03
 -3.8745427e-01
  1.3502010e-02
  1.9957031e-01
 -5.3425230e-02
 -2.1059990e-01
  1.1668645e-03
  4.1454613e-01
  1.3537128e-03
 -1.8564999e-01
 -3.2710759e-03
 -7.1722702e-03
  5.5111450e-01
 -2.0535804e-04
 -4.2703113e-01
 -1.2533881e-02
  1.8473012e+00
 -1.4092939e-01
  2.7099910e-01
 -5.1884329e-01
 -5.8886129e-03
  5.2043651e-03
  4.9883225e-03
  5.8457587e-02
 -1.7609894e-01
 -2.2209508e+00
  1.2020469e-01
  1.4574600e+00
 -1.3066734e+00
  9.0989655e-01
  2.7494962e+00
 -2.6585499e-03
  2.9910554e-03
 -5.9784698e-01
  1.2961168e+00
  2.9740443e+00
  8.2576001e-01
  2.3050742e-02
 -9.5331110e-04
  6.9449455e-01
  2.6004241e+00
 -6.5392180e-04
  2.9890516e-01
  2.6732365e-05
  6.1161816e-01
 -1.2505153e-02
  5.8805435e-03
  2.0696904e-01
 -1.6047058e+00
  1.2660422e-03
  4.8429698e-01
  3.9540445e-03
 -5.0538807e-04
 -1.7509297e-02
  5.8377266e-01
 -2.3604198e+00
  4.2522192e-01
 -8.0641145e-01
 -8.2010180e-01
 -2.2760440e-02
 -7.3367858e-01
 -7.9580998e-01
  1.2237336e-01
 -3.0392773e-02
 -8.9154817e-02
 -2.7084249e-01
 -5.9210724e-01
  1.2145990e-02
 -1.0457141e+00
 -3.4114096e-02
  2.9999417e-01
  1.0077664e+00
  8.0368996e-02
 -3.6816895e-01
 -1.7955692e-02
 -2.4891292e-01
  7.5737607e-01
 -9.9350518e-01
  1.7136429e-01
  5.1699211e-03
 -1.1297954e-02
  1.3858796e-03
 -9.7206992e-04
  1.7585496e-03
 -1.6321468e-01
  8.0986673e-01
  1.3301574e+00
 -1.7803529e-01
  4.5378137e-01
 -1.5438197e-02
 -4.6180934e-01
  4.4435021e-01
 -3.7200827e-02
  7.7026242e-01
  1.0689775e-02
  9.1707928e-04
  2.3950070e-02
 -8.6121550e-03
  4.4838879e-03
  1.2609288e-03
 -7.4093184e-03
 -2.1925336e-03
 -6.2932801e-03
 -1.4448165e-03
 -1.6772620e-02
  7.9592774e-03
  3.4254943e-03
 -3.0345090e-02
  2.3886189e-03
 -1.2895265e-02
  1.2190361e-02
 -9.1818022e-03
  1.1703440e-03
  1.0555842e-03
 -3.6060266e+00
  5.6013013e-03
  5.1798403e-01
  5.6360555e+00
  2.3820109e+00
 -2.1133928e-01
  4.1051388e-01
  8.3737314e-01
  2.8928885e-02
  1.9260505e+00
 -1.0256202e-01
  1.9675379e-01
  5.9213006e-01
 -2.1908157e-01
  3.1484637e-01
  1.7707950e-02
  2.7664435e-01
  2.2686693e-01
  7.4847770e-01
  1.8192036e+00
  6.4169461e-01
 -6.8923563e-02
 -9.8797139e-03
  1.1640511e-03
  5.8456901e-03
  3.2721919e-03
 -1.7708987e-03
  1.0220410e-02
  1.9105289e-02
  7.5071962e-03
 -1.6984655e-02
  7.8238742e-03
  6.5665364e-02
  4.8717585e-01
  1.0055681e-03
 -1.3459448e-03
  7.6009324e-03
 -1.3641904e-04
 -2.6476479e-03
  6.4578336e-03
 -2.1110862e-03
  9.1251801e-04
  1.5240762e-02
 -7.6015112e-03
  2.5908337e-03
  7.1043978e-03
  1.2502243e-03
 -1.1089646e-03
 -1.2731955e-02
  3.4232400e-03
 -3.6030982e-03
  6.7585595e-03
  1.3366939e-02
 -1.1399223e-02
  2.6950589e-03
 -9.4931689e-04
 -2.4334746e-03
  2.8192766e-03
 -1.7561080e-03
 -6.7649409e-03
  7.4532163e-01
 -1.6852310e+00
 -1.5557746e+00
  1.3719490e-01
 -3.1091127e-01
 -4.2515123e-01
 -7.3894351e-03
  2.0367173e-02
  1.0019731e-01
 -3.1426746e-01
 -4.2453269e-03
  1.9261198e-02
  1.0048163e-02
 -7.6385555e-03
 -1.3894606e-02
  9.2389192e-03
 -2.8293848e-03
  7.0090896e-01
  1.4322829e-02
 -3.8554743e-03
 -8.0726249e-03
 -1.3844381e-02
  4.4674624e-04
 -1.6127589e-01
 -8.7682799e-02
  3.5008712e-04
 -3.6324775e-03
 -4.2485018e-04
  1.6565184e-03
  2.5200048e-03
  6.2211353e-04
 -3.7592447e-03
 -5.5803914e-02
 -5.2988243e-01
  9.4272969e-03
  2.5047010e-02
  1.5446246e-03
 -5.4729759e-04
  3.6850015e-03
 -8.4616832e-04
  1.2725488e-03
 -9.3517303e-03
  3.3347844e-03
 -1.7367472e-04
  8.8292570e-04
  9.9893477e-05
 -7.9684320e-04
 -1.3748650e-02
  4.2834047e-02
 -6.3290205e-03
 -1.5833247e-02
 -9.2336293e-03
 -6.2515335e-03
 -7.3932839e-04
  2.6392459e-03
  5.6323573e-02
  4.0556705e-03
 -6.8581933e-03
 -2.8234528e-02
 -8.8547310e-03
 -4.7059469e-03
  2.0341566e-02
  4.8858963e-02
  2.0554160e-01
 -4.3651955e-03
 -8.0816653e-03
 -5.7159948e-05
  9.6313457e-04
  2.6444877e-03
  1.1361263e-02
 -2.8508489e-03
  1.5630736e-03
 -5.2135042e-04
  6.9158138e-03
  6.9979895e-03
 -2.9300405e-03
 -3.5818433e-03
 -5.4593915e-03
 -1.5501767e-02
 -3.0680059e-03
 -8.4390253e-04
 -5.9259241e-03
  4.6156058e-03
  2.2251769e-03
 -1.5284116e-02
 -3.5235991e-03
  2.8805234e-03
 -1.0986930e-02
 -1.0257727e-03
  4.2366954e-03
  3.8832701e-03
 -5.2356705e-02
 -4.2579922e-01
 -1.0894227e+00
 -3.4661728e-03
  1.1472750e-02
 -5.7986330e-02
  5.5130781e-03
 -9.4903326e-03
 -2.7361400e-03
 -3.4664627e-03
  1.9047037e-03
  6.3846060e-03
 -1.8951015e-03
 -3.7327253e-03
 -9.2687262e-03
  9.9292593e-03
  1.9918818e-03
  1.2685749e-01
 -7.4869837e-03
 -3.4408973e-04
 -7.9558510e-03
 -9.8758386e-03
 -8.0328651e-02
  3.5261551e-03
  1.5542739e-02
 -6.7055225e-03
 -6.6216881e-03
  9.5543927e-03
  4.9072723e-03
 -6.8365973e-01
  1.9276692e-01
  5.0201368e-01
  1.1280470e+00
  4.7916618e-01
 -3.9469139e-03
 -1.2098329e-02
  1.9735517e-03
 -9.5997751e-04
 -2.1817819e-03
  9.8249177e-03
 -7.0206989e-03
  1.5109715e-02
 -5.6194454e-02
  9.7599048e-03
 -8.6379368e-03
  4.5141601e-03
  1.5709074e-03
 -6.8015275e-03
  5.2785256e-04
 -1.3060159e-02
  3.5088209e-03
  6.7000440e-03
 -8.2967635e-03
  3.4710655e-03
  1.1428272e-03
  4.6213330e-03
  1.5165031e-02
  1.2622797e-04
 -6.0423010e-04
  2.4437437e+00
  7.9321778e-01
  1.5069326e+00
 -6.8371493e-01
  3.7872642e-01
 -1.2334693e-02
 -3.8785308e-03
  4.9605519e-03
 -1.8002458e-03
 -2.5208245e-03
 -9.5379549e-01
 -7.0010215e-01
 -1.0828176e-01
  2.3923859e-03
  2.2578262e-02
 -5.4729395e-03
 -1.2052667e-02
  6.6346582e-03
 -4.0431242e-03
  8.4790234e-03
 -6.3886866e-02
  2.7418816e-01
  4.8872981e-02
 -9.3579950e-04
  8.3404827e-01
  1.2235006e-02
 -2.1374756e-03
  1.3067608e-02
 -7.7406610e-03
 -1.6583405e-02
 -9.8661119e-01
 -1.2339424e+00
 -2.7543420e-01
  7.4875307e-01
 -6.8734366e-01
 -1.4520410e-03
  3.8780714e-03
  1.7946340e-02
 -4.5208840e-04
 -7.4683637e-03
  1.7936148e-04
 -3.4946548e-03
 -1.1134128e-02
 -4.4061141e-03
 -4.0191226e-03
  1.0483681e-02
  5.7719504e-03
  4.8885061e-03
 -1.5477433e-03
  1.3750379e-02
  1.1792087e-02
 -3.3521580e-03
  1.9214254e-02
 -7.2419732e-03
 -1.2653255e+00
 -9.6196411e-03
  3.5816447e-03
  2.1875364e-04
  1.3961895e-02
  3.3871844e-04
 -2.8444099e-01
 -6.3490272e-01
 -1.2136810e+00
 -4.7336492e-01
 -6.4481348e-01
 -4.5794100e-01
  1.5650951e+00
 -2.7136892e-01
  5.3306735e-01
 -4.2453060e-01
 -4.0991191e-02
  1.0149263e+00
 -1.3515851e+00
  6.8253642e-01
 -3.5755822e-01
  3.9590962e-02
  1.0102545e+00
 -1.1785215e+00
  9.3418539e-01
 -1.0720205e+00
  2.9734552e-01
 -4.3027685e-03
 -2.1638398e-01
  1.9712423e-01
 -2.0445607e+00
  1.1590741e-02
  9.7923093e-03
  9.9683572e-03
  2.4015760e-02
  4.4932339e-01
 -1.4269163e-01
 -1.1926469e+00
 -1.6533910e+00
 -3.2021579e-01
  5.1621574e-01
  2.0083534e-02
  2.2684470e-02
  2.9310165e-03
  3.3926140e-03
 -1.3573465e-02
 -8.6207883e-03
 -2.4768297e-02
  1.2929514e-02
  1.7527548e-04
  6.4495131e-03
 -2.2269585e-03
 -2.0425990e-03
 -3.1774634e-01
  1.9094660e-03
  4.1994936e-04
 -8.1838444e-03
 -5.3693142e-02
 -7.5225800e-02
 -2.4616636e-02
 -5.6437589e-03
  5.9686312e-03
  1.8788652e-03
 -5.5660591e-03
  1.5787968e-02
  2.4523314e-03
  2.8514124e-03
 -3.5221404e-03
  3.7648124e-03
 -4.1888240e-01
 -3.3939688e-03
  1.5302204e-02
  7.9257376e-03
  2.2034759e-03
  7.5993496e-03
  1.3656560e-03
 -4.1512721e-03
 -4.1047721e-03
  1.3686644e-02
  1.2858607e-02
 -2.6405815e-03
 -5.4776943e-03
 -2.7405670e-01
 -6.9999802e-03
  1.5854066e-03
  5.0361897e-03
 -1.8425521e-02
  2.1419814e-04
  4.6423161e-03
 -9.9292593e-03
  5.6202821e-03
 -5.0776033e-03
 -3.9083371e-03
 -3.9146557e-03
 -1.6396847e-02
  6.2703360e-03
  6.3935697e-01
  1.0322698e+00
 -4.6649161e-01
 -1.6894777e-01
 -6.4971489e-01
 -1.7377882e-01
 -1.8484246e+00
 -4.5835096e-02
  2.8860785e-02
  1.8891113e-01
 -2.5924608e-01
 -7.6045418e-01
 -6.8394214e-01
  1.1761498e+00
  5.7499204e-02
 -7.3659056e-01
 -2.2483811e+00
  1.5931234e+00
  2.4405780e-01
 -2.3166358e-01
 -1.7459191e-01
 -1.1243588e+00
  1.1185366e+00
  5.2608854e-01
  5.7167035e-01
  2.2732990e-02
 -7.5349140e-01
  1.5652318e-02
  2.1530287e-02
  1.5344229e-01
 -1.1726192e+00
  2.6231935e+00
  2.3083007e+00
  1.7617941e+00
  8.6008447e-01
 -3.2151362e-01
  1.0211448e-01
  7.6235205e-01
 -7.8217229e-03
 -1.8119330e+00
  3.6229602e-01
  2.0098746e-01
  1.0641816e-01
 -6.4922445e-02
 -3.1049482e-03
 -2.0171669e-03
  3.5222132e-02
  3.3008587e-04
  1.5783586e-01
  1.0524079e-03
 -2.0086419e-02
  1.0549595e-01
 -1.1059602e-01
 -2.7735609e-01
 -6.4432241e-02
 -4.9086567e-03
 -8.0254261e-04
 -1.2563099e+00
  5.4890364e-03
 -8.1445184e-03
  2.3686337e+00
 -7.4459803e-01
  4.1015110e+00
 -1.1436462e-01
 -3.4470561e-01
  5.2145720e-01
  9.5012110e-01
 -4.8376128e-01
 -5.9204578e-01
  3.4457289e-02
 -1.8245661e-01
  1.1942102e-01
 -2.4595669e-01
 -1.5212116e-01
 -1.2074655e-01
 -7.1428902e-02
  3.6050907e-01
  1.9963725e+00
 -5.7724523e-03
 -3.2864574e-02
  1.0756712e-01
  1.4330465e+00
  6.1919266e-01
  1.1926143e-01
  1.3039571e+00
 -2.8246951e-03
  3.6616061e-02
  1.4652860e-03
 -1.2393005e-02
 -1.7679755e-02
  1.5684339e+00
  2.4669771e+00
 -2.7565544e+00
 -1.3929319e+00
  2.9112988e+00
 -5.2770972e-01
 -7.1211725e-02
  1.7726423e-02
 -4.7045493e-01
  8.4379065e-01
 -1.1626390e+00
 -4.0754995e-01
 -1.1514958e+00
 -2.9618555e-01
  1.0011944e+00
 -2.6978827e-01
 -4.5890814e-01
 -7.1364003e-01
  8.0756005e-03
 -8.3498549e-01
 -2.1196859e-01
  6.1988026e-01
  2.6532122e-01
 -6.3074011e-01
 -5.0150180e-01
  1.4543275e-03
 -8.1164986e-03
  8.0055995e-03
 -3.6059634e-04
  1.2031171e-02
  9.7280502e-02
 -5.3653669e-01
 -1.2131706e-01
 -1.1068943e+00
 -7.9551507e-03
  5.0711562e-03
 -3.1227559e-01
 -1.2992596e-04
  7.1845241e-03
  1.2166436e-02
  6.9119171e-03
  1.1719113e-02
 -2.7303435e-03
 -1.9630736e-03
  1.5512002e-02
 -9.2091720e-04
 -2.1301921e-02
 -5.2926201e-01
  5.9708202e-04
  1.5879245e-03
 -2.0919226e-02
  1.9633276e-03
  2.8725663e-01
 -3.6566803e-01
  6.2563242e-03
 -4.7562388e-03
 -2.4820928e-02
  2.9461980e-03
  2.1128980e-03
  7.0497888e-04
 -1.2543054e-01
  3.7616062e-01
  4.0556464e-01
  2.3144259e+00
  2.4465002e-01
  1.8699582e-03
  3.6018786e-03
  1.2302484e-02
  7.2320825e-03
  3.0961020e-03
 -9.7806323e-03
  2.1466747e-02
  1.1959866e-03
 -7.2422661e-03
  2.4099257e-02
 -1.5886566e-02
  2.0873552e-02
 -1.3940824e-02
  5.7202280e-02
 -1.5142504e-02
  6.2617497e-03
 -6.6324840e-03
  2.5618451e-03
 -7.2342609e-03
 -7.4914102e-03
 -8.4744347e-04
  6.2142331e-03
 -6.0165511e-04
  1.2283515e-03
 -4.3391981e-03
 -1.1008768e+00
 -1.7381694e+00
 -1.2045059e+00
  1.2127440e+00
 -2.5180259e+00
  5.5654347e-01
 -3.6581782e-01
 -9.1389292e-01
  5.0777602e-01
 -1.1522743e+00
 -1.1396710e-01
 -2.2709181e+00
  4.0706107e-01
  9.3407240e-03
 -5.3192049e-01
  3.5750341e-02
 -9.6071780e-01
  2.7508888e-01
 -3.1931095e-02
  6.4814079e-01
 -3.6514499e-03
 -1.7740020e+00
 -1.8762293e+00
  1.2985467e+00
  3.9440122e-01
  1.8800939e-03
 -2.9120684e-01
 -9.2129931e-03
 -3.9446615e-03
  5.6585517e-02
  7.2642718e-03
 -3.1891391e-01
 -6.7810005e-01
 -7.9706120e-01
 -1.1928809e-01
 -1.4654789e-02
 -7.9265441e-04
 -8.8542380e-05
 -1.0423077e-03
 -4.9000331e-03
 -6.3242186e-03
  4.7276481e-03
 -2.8244322e-03
 -2.1947801e-02
  1.6333002e-03
  6.3326591e-01
  9.7600743e-03
 -1.2834920e-01
  6.0742572e-02
 -3.6603488e-02
  4.9698796e-02
 -2.8832655e-02
 -6.4498307e-03
 -4.3778524e-02
  5.7989005e-03
  3.7408609e-02
 -4.1826027e-03
 -1.0353522e-03
  1.6130483e-02
  4.3595028e-03
 -1.3690296e+00
  2.4638301e-01
  1.0389349e+00
  2.5153067e+00
  4.0884789e-02
 -5.8335501e-01
 -1.3971254e-01
  8.7107658e-01
 -2.3600874e-03
 -2.8159013e-01
  1.2760279e-01
 -8.2538212e-03
  5.4227889e-01
 -6.9764875e-02
  3.0587789e-01
  4.8886555e-01
  2.8940338e-01
 -6.9164199e-01
  1.3643404e-02
 -1.0676844e-01
  1.5190868e-02
  1.1943465e+00
  3.1483695e-01
 -2.6935527e-01
  1.0342358e-01
 -6.2119039e-03
  6.4066993e-03
 -7.1096299e-03
  8.9988726e-01
 -5.5068629e-03
 -4.0248719e-01
 -1.6419228e+00
 -1.2362119e+00
 -1.4662662e+00
 -2.9880622e-02
 -8.6697775e-01
  1.7936201e+00
 -6.5009940e-01
  3.9228556e-01
  1.0070408e-01
  1.1639594e+00
 -1.0666628e+00
 -1.8737543e+00
  2.0976708e+00
 -1.2671628e+00
  6.6514093e-01
 -1.9370139e+00
  1.8854866e+00
 -8.8865381e-01
 -9.2122990e-01
 -1.3407534e+00
 -6.9365281e-01
  3.7686193e-01
  9.6298540e-01
 -1.8036087e+00
 -1.1610165e+00
 -4.4330433e-01
 -6.2363219e-01
 -1.1960819e+00
  4.5264715e-01
 -1.6197325e+00
 -3.0357726e+00
 -1.3017088e+00
 -2.5623012e+00
 -1.0423535e+00
 -2.3214433e+00
  2.4022980e+00
 -2.3434446e+00
  5.0763583e-01
  9.7611910e-01
  5.1016027e-01
 -1.6304820e+00
 -1.1864985e+00
  1.7045008e+00
 -8.2980043e-01
  3.3422354e-01
 -2.9501672e+00
  1.2579948e+00
 -3.2449589e+00
 -1.1905733e+00
 -5.0505477e-01
 -4.0331249e+00
  9.1568553e-01
  3.6407623e+00
 -3.1127377e+00
 -1.1871648e+00
  3.4179574e-01
 -2.8909075e+00
 -1.2483338e+00
  1.4663086e+00
 -3.3424859e+00
 -8.6838508e-01
  1.1008697e+00
 -1.6314874e+00
  4.0153556e+00
  1.0250207e+00
 -4.1546121e+00
  1.3668597e+00
 -6.6519290e-01
  1.1908294e-02
  9.9503154e-01
 -3.8841453e+00
  1.9900617e-01
  1.0668185e-01
 -5.3356773e-01
 -8.2969323e-02
 -3.6929712e-01
  2.9305357e-01
  3.2122120e-01
  2.5536520e-03
 -1.3379227e-01
 -5.4317158e-01
 -5.3404853e-02
  4.9439155e-02
 -1.6176783e-02
 -3.4249291e-02
  1.5652768e-03
 -3.8951490e-02
 -1.9486522e-02
  1.7192822e-02
 -1.1751802e-01
  7.7415325e-02
  1.4693619e+00
 -3.8747374e-02
 -4.6116048e-01
 -1.5223047e-01
 -6.3342053e-01
 -1.3770211e-02
  3.7506700e-02
  4.9603097e-03
 -5.2928835e-02
 -4.0739942e-03
 -1.0350300e-02
  9.9441027e-03
 -7.3670964e-03
  1.6682548e-02
 -6.8442849e-03
 -8.9098746e-01
  1.1399577e-03
 -1.0735766e-02
  3.3829685e-03
 -2.0983443e-01
 -1.7388737e-01
  2.4317647e-03
 -3.1028142e-02
  1.3320001e-02
  2.5404468e-01
 -3.3914067e-03
 -2.0985203e-03
 -1.8829314e-02
  3.1567790e-02
 -7.3833925e-01
  1.5731796e+00
  7.6058251e-01
  1.3210700e-01
  8.6060077e-01
 -8.0536872e-01
  2.2419320e-01
  5.7106781e-01
  1.3498548e+00
  1.9405788e+00
 -8.9637721e-01
 -3.3171371e-01
  5.8763772e-01
  1.2701678e+00
  1.0688944e+00
 -5.8764029e-01
 -1.0829426e+00
  2.0450099e+00
  1.4257089e+00
  6.2515473e-01
 -3.5045374e-02
 -2.4326836e-01
  1.9138432e+00
  6.4276350e-01
  4.4503242e-01
  6.2369639e-01
 -1.0976458e-02
  5.4709446e-02
 -4.6766575e-02
  1.0865840e-01
  2.3576532e-01
  4.1596323e-01
  1.8896461e-01
 -2.4198036e-01
  3.3132387e-03
  1.4701222e-01
  6.9736362e-02
  5.3700139e-03
  2.3272190e-02
  7.2472147e-03
  2.1071697e-03
 -7.4593774e-03
 -1.2599907e-02
  1.5045208e-02
  1.6049996e-02
 -4.7956188e-03
  1.0210196e-03
  2.8224854e-02
  1.0937630e-02
 -1.7714636e-02
 -8.4616877e-03
 -2.2546526e-02
 -7.5932699e-03
 -3.9611172e-04
 -1.3744881e-03
  1.9490218e-02
  3.0965982e-03
  3.9002905e-03
 -1.1203933e-02
  1.6550109e+00
  2.9109968e-02
 -1.9994670e-01
 -8.2474613e-01
 -2.7127154e+00
 -7.7201575e-01
  3.0601805e-01
 -2.4377491e+00
  1.1532680e+00
 -2.7268341e-01
 -1.9455236e+00
  1.1694196e-01
 -9.7388679e-01
  1.4522928e+00
  4.8877409e-01
 -1.4748956e+00
  7.5944763e-01
 -2.7355057e-01
  8.3331388e-01
  2.2366256e-01
 -7.1733832e-01
  3.0650923e-01
 -1.0460422e+00
  1.3993731e-02
 -1.5228990e-02
 -8.9183664e-01
  3.1021938e-03
 -1.0436256e-01
 -3.6419386e-03
 -7.2040774e-02
 -4.0335748e-01
 -1.2015577e-01
 -5.2856666e-01
 -2.9133448e-02
  1.2047467e+00
  5.1709318e-01
  9.3046101e-03
 -1.6340364e-02
 -2.9655432e-04
  2.0734925e-02
  1.2871360e-04
  1.8489588e-02
  2.7073652e-03
 -1.2693515e-02
  2.3251071e-03
  5.6138836e-02
 -2.9913527e-03
  1.6110810e-02
 -2.9006932e-04
  2.6783590e-07
  4.1433722e-03
  3.1625122e-02
  1.0149559e-02
  2.2505978e-03
 -6.3147927e-03
 -9.6930815e-03
 -3.2215717e-04
  1.6868347e-03
 -1.2129793e-02
 -5.1925130e-02
 -3.7122026e-01
 -4.2536360e-01
 -4.8776266e-01
 -2.8561100e-01
  4.2783752e-01
 -6.6816094e-03
  1.3965982e-03
 -7.7159889e-03
  1.3121940e-02
  4.0085074e-03
 -2.0898499e-04
  4.8931069e-03
 -5.3385808e-03
  5.7847430e-03
  8.5656540e-03
 -5.2289641e-03
 -4.2903822e-04
 -1.0531395e-02
 -2.1955103e-03
  2.1281904e-03
 -1.6659576e-02
  1.1479500e-03
  8.3019868e-02
  2.4683783e-03
 -1.9900401e-03
  5.0670956e-03
  1.9610129e-02
  1.6734279e-03
  7.6504569e-03
  5.5194800e-03
 -6.2677133e-01
 -7.6350152e-01
 -1.5030555e+00
 -2.0132887e-01
  2.0624211e-01
  4.5442387e-01
 -2.4739969e-01
 -3.9924659e-02
  3.7241606e-03
 -1.2020669e-03
  7.8782123e-01
 -4.4296077e-03
  9.0489671e-02
  1.7536556e-03
  1.3017380e-03
  3.3599460e-01
  1.9901788e-02
 -8.1507874e-01
  5.7083205e-03
  1.7334109e-02
 -3.6554195e-02
  1.8492406e-02
 -1.1421198e-01
 -4.6719764e-03
 -6.7055849e-03
  1.5928995e-02
 -7.4331700e-03
  7.2437003e-02
 -3.6380711e-04
  4.9054481e-02
 -9.9175915e-02
 -4.4983613e-01
 -1.0962998e+00
 -3.8089118e+00
 -3.6455745e-01
 -2.6127607e-01
 -2.3823794e-02
  3.0310114e-03
 -1.2820558e-01
  3.3565652e-02
  6.1565292e-01
  3.4140103e-02
  5.4708309e-02
 -2.0506795e-02
  1.6691403e-03
  2.3673143e+00
  5.1267576e-01
  2.7870426e-02
  2.8434964e-03
 -6.4291485e-04
  3.5249671e-01
 -1.6050088e-01
  1.1633002e-01
 -7.8668660e-03
 -1.3065427e-04
 -3.1741569e-04
  7.3569105e-03
 -6.7793921e-02
 -2.1238973e-02
 -1.2962655e-02
  8.2101546e-02
  3.3873773e-01
  5.4521894e-01
  5.4519322e-02
 -3.7613723e-01
 -2.3296740e-02
  6.0746106e-03
  6.1090300e-03
 -8.5864244e-03
 -3.4054298e-02
 -6.1464816e-02
 -1.7917058e-01
  6.4754826e-03
 -5.5399584e-03
  1.0307149e-02
  8.5783815e-03
 -2.0911747e-03
 -1.0809383e-02
  5.8156289e-03
 -7.3720217e-03
  4.7085849e-03
  7.8852037e-03
  2.9579645e-03
 -3.6311499e-03
  1.7468705e-03
 -4.2682048e-03
  4.4653524e-04
  7.4624950e-03
  1.1367721e-02
  4.9407138e-03
  3.1294930e+00
  6.8664956e-01
  1.0513155e-01
 -7.0295870e-01
 -1.6059475e+00
 -1.1064078e+00
  7.0366776e-01
 -5.1145250e-01
  5.3306079e-01
 -7.5102903e-02
 -5.7766211e-01
  2.6646620e-01
  6.7454927e-02
  6.5545684e-01
 -8.3552384e-01
 -9.3141383e-01
  4.6452445e-01
 -1.7834212e+00
  3.2049325e-01
  2.6236525e-01
 -4.4583124e-01
  2.2534490e-01
 -1.3536093e+00
  2.6385318e-03
 -7.7208564e-02
  8.1439304e-01
 -2.9175237e-01
 -4.6877102e-03
  7.8840548e-04
 -2.1798746e-01
 -1.5207273e+00
 -1.0725673e+00
 -3.6054832e-01
 -2.9189005e-01
  1.7440004e+00
  4.5950823e-02
  4.5136172e-02
 -4.4779568e-03
  9.2920950e-03
 -3.0677530e-01
  1.8912052e-01
  2.4124118e-03
 -2.9911650e-02
 -4.7283828e-02
 -1.9605841e-01
  1.1611100e-01
  8.7985322e-02
  3.7661019e-01
 -6.3330848e-03
 -1.9373145e-02
 -2.4278441e-02
  6.7672390e-03
  1.5067211e-01
  1.5358119e-03
 -7.5168721e-03
  1.1613745e-02
 -1.1842983e-02
 -3.5970141e-03
 -9.6896254e-03
  1.7394708e-03
  3.3064601e-01
  2.0497913e-02
  1.1639316e+00
  2.1032293e-01
 -1.0951862e+00
 -5.7989149e-03
 -5.2135166e-02
  3.8352050e-02
 -5.0603911e-02
  4.3773963e-03
 -2.1308886e-02
 -7.6171589e-01
 -7.9388410e-02
  3.4228094e-02
  2.0368285e-02
  1.8106602e-02
 -6.8929009e-02
 -1.7784536e-03
  7.3077152e-03
 -1.6802887e-02
  9.4190455e-04
 -5.6003116e-02
  7.3556029e-03
  1.1667766e-03
 -1.4738489e-02
 -3.7742209e-02
 -9.0031074e-03
 -8.2005970e-03
  6.0910056e-03
  1.3730913e-02
 -2.4108570e+00
 -3.4137030e+00
  7.9366076e-01
 -7.9691082e-02
  2.1458991e+00
 -3.0792058e-01
 -2.9646525e-01
 -1.4221798e-01
 -2.0023230e-02
 -2.3309591e+00
  1.4569016e-02
 -1.1773685e+00
 -3.5143313e-01
  1.7419705e-02
 -8.8080084e-01
  3.1206807e-01
 -9.8357368e-01
 -7.8162298e-02
  6.0424995e-01
  1.3476899e-01
  1.9420035e+00
 -3.6263388e-01
 -6.3509220e-01
  8.4222597e-04
 -6.4522922e-01
 -6.2730454e-02
  2.1903081e-01
  8.5118396e-04
 -4.8735761e-03
  2.7153341e-03
  4.1086459e-01
  2.3369616e-01
  9.0814358e-01
  2.2618927e-01
 -2.3603088e-01
  4.2479966e-02
 -4.2732686e-02
 -1.9840542e-02
 -1.5979700e-02
  9.0886112e-03
 -2.1148844e-02
  2.0202727e-03
  2.0149830e-03
  9.8176841e-03
  9.2821242e-03
  4.7109546e-03
 -1.4611546e-02
  5.2446662e-04
  2.7890026e-03
  8.8845659e-03
  1.7054923e-04
 -2.5543922e-01
 -5.4154918e-03
  9.0208855e-03
  1.5784346e-03
  1.6331600e-02
 -6.0657859e-03
 -8.7709036e-03
  3.7282363e-02
  1.6960014e-02
  1.7329443e-01
  3.8094962e-01
  5.8833253e-01
  1.7892078e-02
 -2.8729427e-01
  9.8972339e-03
  1.8624039e-02
  1.0821879e-03
 -1.6100412e-02
 -3.6008644e-03
 -4.3644137e-03
 -4.7530578e-03
  1.0338731e-02
 -2.6947146e-03
  8.1822451e-04
  2.7504128e-03
  1.1247924e-02
  8.2910201e-03
  3.9488045e-03
  7.3722922e-03
 -1.2505047e-02
 -5.5070847e-02
 -9.3557583e-03
  1.0168578e-01
  3.4513665e-04
  9.1512669e-03
  4.6140410e-04
 -4.2094905e-03
  2.9161202e-03
 -1.4559309e-03
 -1.9179891e+00
 -1.4139384e+00
 -1.3175979e+00
  6.7784237e-03
  8.3464253e-01
 -1.4868006e-02
  2.0984459e-01
 -7.6298569e-03
 -1.3292332e+00
 -6.1241160e-03
  1.1487570e-01
  4.3778230e-02
 -1.3642201e-02
  2.0241996e-03
 -8.9967325e-03
 -7.2665289e-03
  1.3458760e-02
  2.7132788e-01
 -1.1290360e-01
  4.5553152e-03
  2.9454330e-02
  1.0835230e-01
 -7.6559108e-01
 -9.4760759e-03
  4.3803169e-03
  2.5639664e-02
 -2.3370318e-02
 -3.4316177e-03
 -1.6017960e-02
 -6.5236907e-03
  1.7375600e-01
  2.1648894e-01
  5.6525993e-01
  7.2987996e-02
 -4.3552378e-01
 -3.0502095e-03
 -2.9234705e-03
  5.5739922e-03
 -7.4481266e-03
  4.8304894e-03
 -3.0280007e-02
  7.2456575e-03
 -3.2073271e-02
  7.1420004e-03
 -1.1680445e-02
 -2.2908816e-02
  2.6258829e-03
 -1.4032980e-02
  1.8167933e-02
  1.5350253e-02
  2.2835897e-03
 -9.8560058e-02
 -3.7592951e-02
  1.2714203e-02
  4.0348265e-03
 -1.5092780e-03
  6.5606185e-03
  2.3958220e+00
  4.7970945e-03
 -2.4305210e-03
  4.7596984e-02
  4.2625022e-01
  5.0998175e-01
  1.1130907e-02
 -5.2064747e-01
  2.7502493e-03
 -1.7033767e-02
  3.2312186e-03
 -3.5024215e-02
 -1.6634932e-02
 -4.2812070e-03
  1.6651109e-03
  4.8039574e-03
  8.1203533e-03
 -1.7560627e-02
  3.0209650e-03
 -1.5266006e-02
  8.3762147e-03
 -3.1862918e-02
  9.8310849e-03
 -1.4361681e-02
 -1.4303564e-02
 -5.8605522e-03
  1.3072510e-02
  2.8028025e-04
 -1.1863116e-02
 -2.7972050e-02
  3.9276634e-03
  7.6115987e-04
  1.5536344e-04
 -7.2955289e-03
 -2.1785706e-01
 -4.0448168e-01
 -7.4863750e-01
  1.6211104e-01
 -4.0842034e-02
  7.3141684e-03
  8.5127084e-03
  2.7936120e-02
  1.3672005e-02
 -5.9925220e-03
  5.4290611e-03
  1.0557573e-02
 -6.2120496e-03
 -1.1718678e-03
  1.3082888e-02
  2.0728266e-04
 -1.1313090e-02
 -3.2176635e-01
 -1.3201988e-02
  7.6601535e-02
 -1.2307215e-02
  4.8586279e-02
  1.6583936e-02
 -2.0684550e+00
 -8.6386073e-03
 -9.1556264e-03
  4.0887943e-03
  2.1097966e-02
  4.7826911e-03
 -3.4449406e-02
 -7.0370428e-02
 -1.9697244e+00
  9.9393055e-02
  3.1655818e-02
  1.9226353e-01
  3.4535548e-01
  3.2721239e-03
 -6.3324445e-03
  1.1254033e-02
  1.6974498e-01
  8.3362358e-03
  6.9047177e-01
 -7.6292763e-03
 -2.4554210e-02
  5.5041176e-01
  2.0017425e-02
  6.7779040e-01
 -2.3613113e-01
  3.5780875e-03
  8.4163439e-01
  6.2987375e-01
 -1.9948331e-03
  3.6542013e-03
 -2.7113609e-02
 -6.9283335e-03
  8.0280099e-03
  5.4194041e-02
  7.6208822e-02
 -2.4469364e-02
  1.9541147e+00
  1.2493681e+00
  7.1094775e-01
  4.8133142e-02
 -7.3999768e-01
 -7.2216934e-01
 -6.3511437e-01
 -1.8177859e-01
  1.9054195e-04
 -1.0061448e-02
  1.4798380e-01
  1.8037625e-01
  3.6589998e-01
 -1.3867043e-02
  1.0039738e-02
  1.1937822e-01
  7.5691581e-01
 -8.4155869e-01
  3.3511937e-02
 -9.2114700e-04
  1.9842209e+00
 -2.9328099e-01
 -7.1084815e-01
 -1.0321635e-02
  1.0836641e-03
 -1.3485700e+00
 -4.6151772e-02
  1.2365564e-01
 -2.0275781e-02
 -2.2045953e-02
  1.1156806e-01
 -1.7654747e+00
 -2.2579947e+00
 -3.6050099e-01
 -9.2493832e-01
  5.4985577e-01
  1.7726730e-01
 -5.5875252e-03
 -1.5481354e-03
  1.5326666e-03
  1.6925972e+00
 -2.0810390e-02
  5.2108895e-04
 -1.0372146e-02
 -4.4198674e-03
  1.1802729e+00
 -2.2500532e+00
 -4.9745980e-01
 -3.5703453e-01
  4.8975521e-03
  1.3751644e+00
 -9.8457086e-01
  7.2754771e-01
  1.3888690e-02
  6.8383436e-03
  3.0484296e-02
 -7.2731584e-04
 -9.3301889e-03
 -1.1891128e-02
 -2.7757643e-03
 -1.9678971e+00
 -1.3324950e+00
 -6.9276571e-02
  5.4056767e-02
  9.7359496e-01
  7.7532426e-02
 -4.2556128e-01
 -5.1424545e-01
  2.6875019e-01
 -2.2489022e-01
 -1.3652244e-01
 -1.4837350e-01
 -1.8931780e-04
 -7.6553216e-03
 -9.3539078e-03
 -1.9380547e-01
  1.0882319e-01
 -7.9357022e-01
  2.0444746e+00
 -7.3745757e-01
 -3.5101336e-01
  2.2787737e-02
 -2.1064563e-01
  1.1738320e-03
 -9.1328518e-03
  1.1984079e-02
  3.8578119e-02
  4.7926351e-02
  6.0905335e-03
 -6.8386830e-03
 -1.7809191e-01
 -5.2134782e-01
 -4.5854765e-01
 -8.9652874e-02
  6.0810322e-01
 -6.5188543e-03
 -1.9512316e-03
  3.5493062e-03
  1.6672565e-03
 -8.1344349e-03
  3.4263503e-02
  1.3957432e-02
  8.3261998e-03
  3.1266219e-03
 -2.8961347e-02
  1.1947163e-02
 -5.2739060e-03
 -6.9400084e-01
 -3.2022439e-03
  5.3345221e-03
  3.6753390e-02
  1.2472747e-02
  9.3798293e-03
 -3.4211008e-03
 -1.6773397e-02
  4.6808649e-02
  1.9659800e-03
 -4.9602874e-03
  4.3912926e-03
  4.6389774e-04
 -3.3813257e-02
 -1.1633201e-01
 -1.0403829e-01
 -2.8947088e-01
  2.2408099e-01
 -9.5247877e-01
  1.4542738e-02
  7.1674264e-03
  2.1477537e-02
 -7.2576948e-03
  1.5381445e-03
  5.0235080e-04
 -2.4526758e-02
  2.1874664e-02
 -1.4647826e-03
 -3.5668936e-01
  1.5601018e-02
 -9.8337959e-03
 -1.9996522e-02
 -5.1969737e-03
  1.5334626e-02
 -1.2959396e-02
  2.0166336e-02
 -1.4808169e-02
 -2.1821328e-03
 -2.6048977e-02
  2.3733724e-02
 -1.0351402e-03
  7.6663704e-03
  3.4140095e-02
 -1.4445652e+00
 -9.8547322e-01
  1.4364071e+00
 -6.0344118e-01
  2.4495403e-01
  2.2149756e+00
 -1.1530268e+00
  2.2460337e-01
 -1.9169886e+00
  1.4889872e-03
  1.7187573e+00
 -1.7421622e+00
  8.9772016e-01
  2.0413055e-01
  2.4569063e-02
  1.5948025e+00
 -5.5160844e-01
  2.2805452e-03
  1.4047716e+00
  2.0098567e+00
  3.2460362e-01
  6.1388876e-02
  7.1589067e-03
  8.3660465e-01
  6.9855607e-01
  9.2373142e-04
  3.6104053e-02
  9.5536197e-03
 -2.8497395e-03
 -1.1748086e-02
  1.3308307e+00
  1.0034257e+00
 -2.0037422e+00
  8.7504649e-01
 -2.5626773e-01
  7.6549768e-02
 -6.0822319e-02
  1.9419912e-02
  1.3243865e-03
 -1.8536591e-03
 -1.7039151e+00
 -4.3160865e-01
 -8.0517000e-01
  5.5028397e-01
  5.7442534e-01
 -9.6052331e-01
  3.1031922e-02
 -1.6100677e+00
  5.6645136e-02
  3.5746410e-01
 -2.9964783e+00
  1.1094736e-01
 -3.2797217e+00
  4.8523188e-02
  6.0246454e-04
 -1.7927492e-02
  2.2856474e-03
  5.3155622e-03
  2.2846211e-03
  4.6366234e-03
 -9.2744070e-01
 -5.7380134e-01
  3.4736708e-02
 -3.3418459e-01
  2.9197083e+00
  1.6766754e-01
  3.4964842e-01
 -8.5634178e-01
  7.2820678e-02
  4.4948599e-01
  8.5907924e-01
 -3.2614318e-01
  1.0048735e+00
 -1.8306447e-02
 -9.6617711e-01
  5.5685622e-01
  5.6849307e-01
 -2.8639540e-01
  3.6982521e-01
  8.0625468e-01
  8.8852262e-01
 -1.0930499e-01
 -1.2667606e-03
 -3.6906864e-02
  3.3922806e-01
 -4.6226913e-01
  2.9926381e-01
 -4.1256779e-01
 -9.1278572e-03
  2.6236854e-02
  1.5047237e+00
  9.5294148e-01
  6.9339937e-01
  5.0068125e-02
 -3.7306187e-01
  3.4613658e-02
  1.8459181e-01
  1.4550067e-01
 -3.9949042e-01
  6.1470795e-01
  8.0204970e-01
 -2.5674179e-03
  1.9146024e-01
 -4.5188977e-03
 -1.6194012e-02
  1.1761632e+00
 -2.2036280e-01
  1.2822224e+00
 -1.5542414e-02
  4.8172488e-03
  1.7820350e+00
 -6.2814988e-02
  2.4235977e-01
  2.5304898e-03
 -2.4105757e-03
 -1.5295996e-02
 -1.6503327e-02
 -1.6218588e-02
  7.6121911e-03
 -1.7508641e-02
  9.2286950e-01
  9.8312992e-01
  8.0387771e-01
  2.0717778e+00
  6.3078314e-01
 -1.8344789e+00
 -1.3037945e+00
 -9.5962209e-01
  9.6500507e-03
  1.6633029e+00
  2.1998937e-01
  3.4258068e-01
  2.6035547e-01
  4.0687037e-01
  1.3551137e+00
  2.0187306e+00
  7.0376259e-01
  1.0261235e+00
  1.9557824e+00
 -1.8443702e+00
 -9.3624580e-01
 -3.0338138e-02
 -8.3624804e-01
 -1.1122096e+00
 -1.0498123e+00
 -1.9464613e+00
  2.0489519e+00
  4.5653021e-01
  6.8224475e-02
  1.5100136e+00
 -1.5299416e+00
  2.6948807e+00
  4.6214743e+00
  2.7383568e+00
  4.5236154e+00
 -4.1510944e+00
 -1.2250005e+00
 -3.4721708e+00
 -1.6516025e+00
  1.5138658e+00
  4.0036845e+00
 -1.3148223e+00
  1.2931206e+00
 -2.0207357e+00
  2.0860367e+00
  2.9269431e+00
 -4.6870890e-01
  4.9072355e-01
  3.3639145e+00
 -1.3976129e+00
 -4.0195503e+00
  2.0363424e+00
 -4.0917811e+00
 -3.2232471e+00
 -7.1878707e-01
 -1.0159184e+00
  2.1842384e+00
  2.8054256e+00
 -3.1834223e+00
  2.4690208e+00
  1.9344223e+00
  2.6905022e+00
 -8.7665504e-01
 -2.6093398e-03
  1.2900642e-01
 -1.0100941e-01
  4.9583012e-01
  3.7988607e-02
  1.8864847e+00
 -1.3913755e-02
 -2.5712087e+00
  8.1794642e-02
  6.3614225e-01
 -8.6224568e-01
  7.0555311e-01
 -5.2125549e-01
  3.1502447e-01
  1.9208942e-01
  8.3831899e-02
  2.0489706e-01
 -1.6450095e-01
  1.4736661e-01
  1.7178209e-02
  9.6123822e-02
  2.2900272e-02
 -5.1012254e-01
  8.6664148e-02
 -2.1964841e-01
 -1.8894702e-01
 -1.1123547e-02
  2.7562771e+00
 -1.1834953e-02
  4.2866296e-01
  1.4632404e+00
  8.6038955e-02
  3.5101044e-01
  6.5419935e-02
 -6.8791658e-03
 -4.8476947e-03
 -3.7651750e-01
  1.5450221e+00
  1.9635162e-01
 -5.1930025e-03
 -5.0950825e-01
  3.0506651e-03
  1.3416810e+00
  1.7678629e-01
  5.2808560e-03
 -5.7238888e-02
 -4.3005992e-02
  4.9380136e-01
 -1.7143743e-02
  7.9865940e-03
 -4.3309756e-02
 -9.0739183e-02
  2.5095286e-02
  3.3708015e-03
 -4.2936876e-03
 -2.1984676e-02
  1.3380800e-02
 -7.6156986e-01
  7.6987046e-01
 -8.3443755e-01
  2.1701623e-01
  2.1472171e-01
  1.6657537e-02
 -1.2971309e-01
  4.9743811e-03
  4.4527728e-02
 -3.6429013e-03
 -2.5279063e-01
  8.0957794e-01
 -1.6309774e-01
 -7.6651591e-01
  3.0304841e-03
 -1.6137855e-02
 -1.8415142e-02
  5.3156453e-01
  4.3225647e-03
  1.6012289e-01
  9.0567507e-03
 -8.9357025e-04
  3.5125643e-04
 -1.5203406e-01
  9.5358482e-03
  5.5141028e-02
  1.0433441e-02
 -1.1253048e-03
 -3.3308346e-02
 -4.8837936e-03
  4.6657276e-01
  2.4262021e+00
 -1.0069660e-01
  3.8001273e-02
 -9.5388331e-02
  3.8588572e-02
 -1.0697176e+00
 -2.6946074e-01
 -8.9815393e-02
  4.8171976e-03
  2.1058381e+00
  4.7202408e-01
 -8.7636828e-01
 -2.9466387e-02
  3.3778578e-01
  1.1194620e+00
  1.6055916e-01
  3.0349991e-03
  1.5189081e-03
  4.5398450e-01
  9.2106462e-01
 -5.6469254e-03
 -6.5191048e-03
 -2.4979046e-01
  6.0189036e-03
  2.9885487e-03
  9.6343458e-02
  1.4799552e-03
  1.6885060e-03
  5.6272461e-03
 -3.6107756e-03
  1.1466508e+00
 -1.2351873e+00
 -6.4150862e-02
 -4.6361339e-01
 -1.1169760e-02
 -2.7670709e-02
  9.1890572e-03
  2.6941352e-02
 -9.0737850e-04
 -2.9746343e-03
  9.8089576e-01
 -1.3212649e-02
 -6.0217597e-02
 -2.0084323e-02
 -2.7531518e-03
  9.0229261e-04
 -6.7062548e-04
  1.4335155e-02
  7.5407536e-03
  7.5081261e-03
  1.0772402e-01
 -9.5724380e-03
  1.4924441e-03
  6.4193462e-03
 -5.2230367e-03
  9.5331073e-03
  4.7665026e-02
  5.3695701e-03
 -2.1920963e-03
  6.7339041e-03
  2.4254218e-01
 -7.0139372e-01
 -1.0583107e-03
 -2.4236891e-02
  3.2666344e-03
 -2.5332457e-04
  3.9076461e-03
  6.2545715e-03
 -4.1574843e-02
 -6.6905590e-03
 -2.3899494e-02
 -8.3521772e-03
  1.1591645e-02
  4.2112358e-03
 -9.8304879e-03
  5.1369080e-03
  5.2334396e-03
  4.7232630e-03
  1.7448621e-02
 -8.8959819e-01
 -7.7735106e-03
  4.8545888e-03
 -5.7568755e-03
 -1.1672564e-02
 -2.5268208e-04
  9.2134468e-04
  2.1110985e-03
  2.2916144e-03
 -8.4900651e-03
 -1.5130875e+00
 -1.7611977e-01
  3.8359573e-01
  7.4732721e-02
  1.6452566e+00
  1.1214083e+00
 -2.0179451e+00
 -2.0424972e+00
  4.4032339e-02
 -6.1381084e-01
 -1.3360868e-01
  1.4850034e-01
 -2.8382421e+00
 -3.3496201e+00
 -1.1832170e-03
  7.7025415e-03
  3.4102011e-02
 -2.2339535e+00
 -5.3843760e-01
 -3.6967480e-01
  9.8687464e-01
  1.7278863e-03
 -1.5445793e+00
 -9.3411766e-02
 -4.7069222e-01
  6.0777176e-02
 -1.4531816e+00
  2.1621833e-02
 -4.5510080e-01
  8.7905228e-03
  1.2683504e-03
 -1.0109249e-02
  4.4490263e-01
  3.0430984e-03
  9.0279599e-04
  3.1800782e-03
 -6.5181875e-03
 -3.0883257e-03
 -5.5150536e-04
  9.4441435e-04
 -1.1620763e-03
 -4.1645612e-03
 -2.1070564e-02
  6.5696160e-03
 -2.8984519e-02
 -6.5318299e-03
  7.8991214e-03
 -8.9268228e-03
 -2.5640080e-02
  2.2520113e-03
 -7.7720284e-02
  4.2543514e-03
  1.2355115e-02
 -1.3706463e-02
 -4.9331656e-04
  7.8989109e-03
  9.8026600e-03
  8.1433496e-03
 -8.6166216e-03
  4.6187895e-03
  6.3078478e-04
  3.8060598e-02
 -2.5966275e+00
 -1.3540448e-01
  8.4052747e-01
 -9.8477006e-01
  1.7543925e+00
  1.4410225e-01
  5.6750256e-01
  1.1434870e-02
  5.1627022e-01
 -8.6818747e-02
  1.4682145e-02
 -1.2022331e+00
  1.4765091e-01
 -1.0046831e+00
 -5.2630323e-01
  3.2160489e-03
  4.5332134e-01
  4.8040202e-01
 -6.8129607e-02
  9.7907491e-02
  2.5077106e-02
  1.3307346e-01
  3.7988755e-01
 -3.9944354e-01
 -4.2457380e-03
  4.6166973e-03
 -6.0650311e-02
  5.6463815e-03
  3.4098636e-02
 -4.2507845e-01
  6.6108114e-01
 -1.7445904e-04
 -9.8073289e-02
 -3.5711096e-03
 -8.8758413e-03
  4.2102294e-04
 -2.1013299e-03
 -1.4943249e-02
  1.3790097e-02
  7.2568967e-03
  1.8167811e-02
  1.7662510e-02
  1.7458969e-03
 -8.7607810e-03
  1.7260702e-03
  5.4038591e-03
 -4.5961442e-05
 -4.5751650e-03
 -3.2015436e-03
 -6.7361509e-03
  1.3313006e-03
 -7.9581086e-03
 -9.7628386e-04
 -1.0130082e-02
 -4.6847705e-03
 -7.0197652e-03
  6.9101928e-03
  7.5713787e-03
 -5.7323007e-03
 -1.1675122e+00
  2.4159622e-01
  9.1935275e-03
 -1.1763550e-01
  1.3154579e-02
  1.4029793e-02
 -3.9067105e-03
 -4.9016979e-03
 -1.6861968e-01
  9.6808057e-03
 -1.0751879e-01
 -6.9022006e-03
  1.3956625e-02
 -2.2675898e-03
  2.3347177e-03
 -1.4098172e-02
  1.1488316e+00
 -1.1183958e-03
 -2.9770476e-03
 -2.8433269e-02
 -5.5620279e-03
 -2.2131498e-03
 -3.1825166e-02
 -1.2397512e-01
 -3.4128252e-01
 -5.4699816e-03
 -3.9975876e-03
  2.4861841e-02
  1.3591533e-03
  9.1144872e-01
  5.9858322e-01
 -3.6686599e+00
  8.0216816e-03
 -2.5709639e+00
 -7.6991636e-01
  2.8384306e+00
  2.4544400e-01
 -2.4182780e-01
 -9.4310530e-02
 -4.1768518e-01
  2.4659164e+00
  6.7143416e-01
 -6.5200853e-01
 -2.1525448e-02
 -1.3602971e+00
  1.2247758e+00
  9.5782226e-01
  1.3785380e+00
  5.9309918e-01
 -1.0106663e+00
  3.2470119e-01
  1.1522261e+00
  4.9723011e-01
  4.1036287e-01
 -7.2215490e-02
  8.5475290e-01
  6.8447731e-02
 -1.6595438e-03
 -6.3176425e-03
  2.0718365e-03
  2.1633618e-01
 -1.1822312e+00
 -2.6196426e-02
  3.8168591e-01
 -2.7158251e-01
  1.2501615e-01
 -6.2133824e-03
  4.3629222e-03
 -6.5037294e-04
 -3.3535579e-01
 -1.7053833e-02
  3.9184252e-03
 -7.8276537e-02
  5.5609648e-03
 -6.9279402e-01
 -1.1227404e-02
 -3.5866660e-03
  7.1576446e-02
  4.8746602e-04
 -1.4199188e-03
 -9.0812799e-03
 -7.8106024e-03
  6.1642267e-03
 -3.4108255e-03
 -3.7276093e-04
  4.5195550e-02
  1.3194244e-02
 -3.3809070e-03
 -2.1665685e-02
  1.0345031e-03
  2.5115061e-01
 -9.2110384e-01
  1.4664866e-02
  2.3830462e-02
  1.9755098e-03
 -8.8767689e-03
  9.4012888e-03
 -1.3703790e-02
  8.2840100e-03
  2.2512462e-03
  6.3153929e-03
  2.4466817e-03
 -9.1415306e-04
  6.4257714e-03
  5.9764897e-03
  1.0767579e-02
  1.1837845e-03
  1.2912325e-03
  3.3177659e-02
 -5.4352721e-03
 -1.4629994e-03
 -1.0237595e+00
 -1.9557169e-02
  5.2469480e-03
  1.3735846e-02
  4.7968850e-02
 -1.8806242e-03
  6.2121172e-04
 -2.1243246e-02
 -7.3723400e-01
  2.8310091e+00
  2.4629800e+00
 -1.8220821e-01
  2.3987649e-02
 -4.0963812e+00
 -2.3636971e+00
 -7.6908752e-02
  8.5762477e-01
 -1.2454931e+00
 -9.9961078e-01
 -6.3683242e-01
 -2.1791118e-01
 -1.8216169e+00
 -8.2010955e-01
 -1.2634292e+00
  9.5020926e-01
 -8.2846278e-01
  6.4317440e-03
 -5.1375996e-02
 -7.1619451e-01
  1.2925189e+00
 -4.1369274e-01
  3.1350821e-02
 -3.3230028e-01
  1.1156171e-03
 -4.8346426e-03
 -1.1343382e-02
 -4.9888857e-02
 -7.0080021e-03
 -5.2497699e-03
  5.1395410e-01
 -6.6436124e-01
 -6.9816690e-03
  9.1163313e-01
 -1.1417997e-03
  4.9817654e-01
  2.1544793e-03
  5.3178258e-02
  2.7152027e-03
 -2.7660444e-02
  1.0022998e-01
 -1.4317724e-02
 -4.3395130e-04
  3.8367277e-03
  3.1767271e-03
 -8.1099421e-03
  6.3226991e-03
  2.6665477e-03
 -2.1444722e-03
  2.2139878e-03
 -4.9705552e-03
  3.6774916e-03
 -2.1068752e-03
 -1.2991112e-03
 -8.2963327e-04
  4.8018070e-03
  1.7719036e-03
  5.7999161e-03
 -1.4556762e-02
 -1.9606536e-02
 -2.0873413e+00
  2.0686197e-01
  3.9602619e-01
  4.1066718e-01
  2.1307085e+00
 -2.0530076e+00
 -7.6864339e-02
 -1.0062538e+00
 -2.1056369e-01
  2.5651510e+00
  4.4667822e-01
 -5.2405041e-01
 -3.4502172e-01
 -2.6398721e-01
  3.1418576e+00
  5.0432809e-02
 -9.1303745e-03
 -5.9762907e-01
 -8.3535641e-02
  1.1966491e+00
 -4.3214974e-03
 -1.3419858e-02
  4.2702231e-01
 -1.3123459e-01
  7.0911080e-02
 -9.4333410e-01
  1.3073660e-02
  6.3365430e-02
 -9.8722603e-04
  2.2660444e-02
  1.0505888e+00
 -3.2643697e-01
 -3.9116183e-01
 -6.0493205e-02
 -6.0552852e-03
  1.9101845e-03
  6.4656965e-04
 -9.0028131e-03
  1.4037914e-02
  1.0411886e-02
  2.1259394e-02
 -1.5051048e-03
 -2.2579052e-03
  2.4376037e-04
  2.6325004e-03
  8.2748511e-04
 -1.5011951e-03
  3.9612981e-03
 -4.2265193e-03
 -2.6824908e-02
  1.9093220e-03
 -1.0408688e-03
 -7.9517215e-03
 -5.0358330e-03
 -4.5931581e-04
  2.8105183e-02
 -5.9154558e-01
 -1.3410805e-02
 -4.7952197e-03
  2.8570001e+00
  4.3799338e-01
  4.9473572e-01
 -3.6870856e-02
  2.5069495e-03
  2.6464728e-01
  1.3038377e+00
  6.2658563e-02
  8.9748697e-03
 -7.1484270e-03
  1.7510858e-01
  1.4137913e-02
  5.4054819e-03
  2.1990219e-02
 -3.9164439e-02
  8.9184314e-02
  7.0341597e-03
 -3.8612401e-03
 -6.7491761e-05
 -3.0660637e-02
  4.7759642e-03
  4.9175712e-04
  4.3871310e-02
  7.6968614e-03
  8.8636437e-03
  1.3594831e-02
 -1.8387528e-02
  2.2824910e-02
  7.0476257e-03
  1.2088599e-02
 -1.7782875e-03
  1.4873579e-02
 -6.3497448e-01
 -5.7028141e-03
 -2.7784857e-03
  5.2949004e-03
  4.0210198e-04
  1.9933838e-02
  4.1688192e-03
  4.8326389e-03
  4.1225143e-03
 -1.2945726e-02
 -2.1013431e-03
  3.0439412e-03
 -1.2918838e-03
 -1.0270718e-02
 -1.5956632e-04
 -5.0378344e-03
 -7.9012876e-03
 -1.0984110e-02
  9.8036174e-03
  1.3810406e-03
  4.2136084e-02
  3.9183730e-03
  2.2450795e-02
 -3.4561180e-02
  2.3245295e-03
  1.8928242e-04
  9.8025806e-02
  1.4269390e-03
 -1.8684297e-03
 -4.4645391e-02
  6.7346227e-01
  2.0103165e-04
  7.8737931e-03
  4.9236249e-03
  3.2928336e-01
  7.1237208e-03
 -2.0554096e-02
  1.1725035e-02
 -1.8844327e-02
  2.3189677e-02
  9.6332179e-03
  1.8557895e-03
  3.4433613e-03
  3.0420294e-03
 -5.0782068e-03
 -1.9314227e-03
 -3.0946524e-03
 -1.3081343e-03
 -2.2916533e-03
 -2.2411945e-03
  7.0701092e-03
 -9.5441274e-04
 -3.5153884e-01
  5.7837688e-03
 -3.3108096e-03
 -3.7700895e-03
 -1.8025323e-05
  6.6076810e-03
  1.1278212e-02
  1.0120385e+00
 -4.5027155e-01
  2.0641053e-02
 -3.9961956e-02
 -7.5213471e-03
  8.3670961e-03
 -6.7162239e-03
 -2.9254067e-03
  2.9180502e-03
  5.0699734e-03
  5.3523511e-02
  6.8028211e-03
 -2.4579130e-02
  8.9093288e-03
 -3.0232984e-01
 -1.0972138e-02
 -1.4358337e-02
 -7.1548834e-03
  7.7619194e-03
  3.6994179e-03
 -1.5611022e-03
 -1.9621649e-03
 -3.0013877e-03
 -2.8628239e-03
 -6.2446711e-03
  5.5685947e-03
 -5.4883463e-03
  1.7326111e-03
 -3.8370439e-03
  3.1353042e-02
 -9.5279865e-02
  2.9992415e-02
 -3.7293734e-03
 -4.2278217e-03
 -2.2195510e-03
  6.7457776e-03
  1.8090686e-03
 -2.3392576e-03
 -1.1947313e-03
 -8.6489161e-03
 -7.4925348e-03
  1.0143768e-03
  2.9277503e-03
 -1.6821843e-02
  6.3150320e-03
  3.1397283e-02
  1.8206621e-02
  4.3961136e-03
  1.7042542e-03
  6.8446423e-04
  4.2765567e-04
 -2.0563405e-03
 -5.9322332e-04
  1.0217911e-02
  5.6203799e-03
 -4.0546223e-03
  2.8840503e-02
 -3.6405053e-03
  1.6011955e-03
  7.5188014e-03
  7.7533501e-01
 -4.6323901e-01
  1.5954044e-02
 -1.2893006e-02
  9.7644329e-03
  6.8918755e-03
 -2.6552691e-04
 -3.2176517e-03
  7.3301420e-03
  1.8591955e-02
  1.4198010e-01
  6.0227066e-03
 -3.4818342e-03
  1.3056258e-03
  1.6668212e-01
 -5.1554345e-02
 -1.3445379e-04
 -7.2055790e-03
  1.5514778e-04
  4.1196691e-03
 -2.9030819e-03
  1.8699681e-03
 -7.6878131e-03
  5.3183613e-03
  6.9251810e-03
  4.2097038e-03
 -2.0108563e-03
  3.7714751e-03
 -1.2577404e-02
 -4.9063194e-01
 -1.8015884e+00
  8.0325830e-01
  1.9005528e-03
  3.8934279e-02
  2.1161788e+00
 -3.1277098e-04
  1.0228289e-02
  3.4887167e-03
  1.0083906e-03
  3.6517791e-03
  4.6851370e-01
  6.5562953e-03
 -1.2510106e-01
 -6.9081848e-03
  3.4581697e-01
 -2.5629841e-03
 -5.3883513e-04
  1.9262139e-02
 -5.6557927e-02
  1.7945098e-02
  3.3370727e-03
 -7.1098963e-03
  8.0661103e-03
 -5.0147980e-02
 -9.7506716e-05
 -3.4239632e-01
  1.7750572e-03
  6.8151383e-03
  3.3388756e-02
 -3.3278237e-03
 -6.4958199e-03
 -2.8243658e-01
 -5.4906504e-03
 -9.1520520e-03
  6.7367707e-03
  3.6318121e-03
  6.9885752e-03
 -7.2705245e-04
 -1.4559097e-02
 -4.1271043e-03
 -1.3408817e-02
 -4.8167151e-03
 -1.3648031e-03
 -2.4874914e-02
  2.1450422e-03
  5.8776741e-03
 -2.9252006e-03
 -1.4005802e-03
 -2.0665093e-03
  1.6300524e-02
 -1.9625131e-02
  8.0904514e-03
  4.0884535e-03
 -7.8924315e-04
  1.0206152e-02
 -1.9783050e-02
  2.8916018e-03
  2.6104840e-02
 -1.8176171e-03
 -5.7406384e-01
 -1.9356265e+00
 -3.9462614e-01
 -2.2926021e-01
  6.6682142e-01
 -1.3643342e+00
 -4.0163717e-01
 -1.4836346e+00
 -1.6258414e-01
 -9.1276366e-01
 -8.2084846e-01
 -7.2703475e-01
 -4.0273863e-01
  1.0111281e-01
 -1.8867564e+00
 -1.9741103e-02
  5.6564689e-01
 -1.5450273e+00
 -5.4292077e-01
 -1.4304458e+00
  1.0643455e+00
  2.3302670e-01
 -6.8622756e-01
 -1.9257854e-01
 -5.6277567e-01
  1.0515621e-03
 -4.0773976e-01
 -3.3969977e-03
  1.0367176e-02
  5.3705484e-02
  8.0561422e-02
  3.2829976e+00
  1.0370599e+00
  5.6765866e-02
 -2.3196783e+00
 -3.0638608e-01
 -5.5482721e-01
 -1.7033480e-02
 -1.9966369e-03
  3.8796605e-03
  6.3448542e-01
  1.7016643e-01
 -6.9548194e-03
 -1.9176653e-02
  9.5781218e-03
 -5.1868083e-03
 -9.1349408e-02
 -1.9754623e-03
  2.4842557e-01
  3.1592003e-01
  1.1715630e+00
  2.1064325e-01
  3.0338226e-03
  4.1136414e-01
  1.5688150e-01
  3.4595568e-02
 -9.1270573e-02
  1.6755441e-03
  5.9366496e-03
  1.3091118e-03
 -1.5203108e+00
 -1.6711142e+00
 -5.4041982e-01
  1.1303792e+00
 -3.8087571e-01
  1.0147310e+00
  1.3043065e-02
  4.0689993e+00
 -6.9797224e-01
  7.7892232e-01
 -1.5237372e-01
  1.6259280e-01
  3.1084216e+00
  1.1763995e+00
  2.6825143e-03
  2.5727370e-01
  4.9673602e-02
  3.2486205e+00
  1.8685730e-01
  6.6130474e-02
 -1.2672846e-02
 -8.6799288e-01
  2.2952244e+00
  1.8784609e+00
  3.2821792e-01
 -4.5409319e-01
  1.0722005e+00
 -3.3305224e-02
  3.0047235e-03
 -7.9178177e-03
  6.4853543e-01
  8.4902442e-01
 -3.9888895e-01
  2.1038251e-02
 -8.2556121e-02
 -3.7506412e-04
 -1.6182695e-02
 -5.2960021e-03
  1.8644571e-02
 -6.7294226e-03
  7.4336766e-03
 -7.3510697e-03
 -1.3716302e-02
 -1.2990065e-02
  2.0518862e-03
 -1.9390796e-03
  1.3552023e-02
  8.5351046e-04
  7.7488367e-03
  1.0430902e-03
 -2.3263665e-03
  5.2453261e-03
 -3.5564599e-03
 -8.8617522e-03
  2.5550991e-02
  7.2075933e-04
 -2.0114090e-03
 -5.8161267e-03
 -2.3441787e-03
 -5.9229149e-03
  8.9071029e-01
 -1.2212195e+00
  8.3421195e-01
  1.4284519e+00
  6.0574305e-01
  1.9746845e+00
 -1.2565395e+00
 -1.7148858e+00
  3.9402288e-01
 -1.8030665e+00
 -1.1536314e+00
  2.4193099e-02
  1.6558495e+00
  1.7489691e+00
 -1.7904813e+00
  1.4266024e+00
 -9.9834681e-01
  1.5870844e+00
 -1.2208651e+00
  2.0123165e+00
 -1.7046065e+00
  1.2355174e+00
 -1.8362181e+00
  1.4247570e+00
 -1.1375308e+00
  1.3106484e+00
 -1.1673356e+00
  5.1825184e-01
  9.0619731e-01
  1.8683271e+00
  2.1784477e+00
 -2.3393493e+00
  1.2315130e+00
  1.7983820e+00
  5.1059532e-01
  2.7184067e+00
 -1.9820869e+00
 -5.9827626e-01
  1.6522087e+00
 -2.2255261e+00
 -9.6345824e-01
  2.6837125e+00
  3.0909488e+00
  1.9061853e+00
 -3.4262445e+00
  9.2348343e-01
 -1.9848928e+00
  1.8110272e+00
 -1.8304639e+00
  1.4913583e+00
 -1.0333964e+00
  9.6540374e-01
 -5.8798856e-01
  1.2003614e+00
 -1.5657703e+00
  2.4608429e-01
 -2.6856573e+00
  7.5838602e-01
  2.0745344e+00
  2.3356452e+00
 -3.8100101e+01
 -7.0905305e-02
 -4.0087872e+00
 -5.6071961e-01
 -5.7644320e-01
  6.7612225e-01
 -5.4522127e-01
  6.3059860e-01
  7.4602181e-01
  1.1363325e-01
 -3.5478890e-01
  6.0451139e-02
  6.0227656e-01
  2.5574240e-01
 -5.9679282e-01
 -3.6398441e-01
  1.2564534e-02
  2.1657046e-02
 -5.7675439e-01
 -7.4261211e-02
 -1.3648002e+00
 -2.6386514e+00
  2.1456296e+00
 -4.1344598e-02
  2.1534719e+00
  5.7289861e-03
 -1.9340582e-02
 -1.0819243e+00
 -8.5574311e-01
 -1.4693366e+00
 -7.4424662e-02
 -1.5370225e+00
  8.1572002e-01
  1.8942696e+00
  6.0927051e-01
  4.4073608e-02
 -5.7040495e-01
 -2.6027629e-01
 -1.3640283e+00
  1.1740206e+00
 -2.6211827e+00
  8.6657786e-01
 -1.9586577e+00
  3.2505655e-01
 -1.0797600e-01
  8.8319564e-03
 -1.0988016e+00
 -2.6327017e-01
 -4.6194538e-01
 -4.7309816e-01
 -2.2884920e-02
  2.0872998e-01
  8.2766032e-01
 -1.4298695e-01
  5.7584137e-01
  3.7689239e-01
 -2.7684262e+00
 -1.8398098e+00
  9.0130769e-02
 -9.9715263e-01
 -1.5812093e+00
  7.3856629e-02
  1.0128530e+00
 -2.3537881e+00
  7.4576932e-01
  2.2172313e+00
 -2.0944923e-01
 -2.9749801e+00
  1.5875866e+00
 -7.3136097e-01
  1.5639404e-02
 -5.7986970e-03
  3.1405129e+00
 -2.8944402e+00
  1.1118659e+00
  7.6179373e-01
 -1.9712602e+00
 -8.0923748e-01
  1.4225025e-01
  1.5705417e-01
 -3.0312724e-03
 -1.3456005e+00
 -2.3869884e+00
  1.0756699e+00
 -2.3925390e-02
 -1.6994214e+00
 -1.1360253e+00
 -8.2311964e-01
 -9.4050825e-01
  3.0958036e-01
 -2.3565552e+00
 -2.2082229e+00
  1.1247433e+00
 -1.8926418e-03
 -1.4017334e+00
  2.1697463e-01
 -2.5280983e+00
 -6.4371353e-01
 -1.9018452e-01
 -3.0323386e+00
  1.0324748e+00
  1.4074259e-03
  2.1637397e+00
  2.1302136e-02
 -1.0623853e+00
  1.2839838e+00
  9.7823554e-01
 -5.8756024e-01
  7.8311217e-01
  4.6865401e-01
  1.1685406e-01
  7.0352657e-03
 -6.9284654e-01
 -1.0471807e+00
  1.1519231e+00
 -8.1808352e-01
  8.1152314e-01
  2.6896197e-01
 -2.3921888e+00
  1.5141664e+00
 -1.6100422e-01
 -2.5399289e+00
  9.0194327e-01
 -1.1302780e+00
 -4.1339087e+00
  3.0414302e+00
 -6.8770319e-01
 -3.6061850e-01
  5.3319800e-01
 -7.8510694e-02
 -1.1849115e-01
 -1.8892196e-01
 -1.6450980e+00
  5.3552097e-01
  1.5312203e+00
  9.6847600e-01
  1.3147024e+00
 -8.0253404e-01
 -1.3842965e-02
  1.0785949e+00
  2.3184848e+00
 -2.7276306e+00
  2.6510131e-01
 -5.8947384e-01
  2.4440131e+00
 -4.8665541e-01
  1.8273048e-02
 -3.9202991e-01
 -3.7955275e+00
  1.0543295e+00
 -5.9367977e-02
 -5.0137000e+00
  2.7141079e-01
  1.4049671e+00
 -1.0535238e+00
  3.5096765e+00
  1.5062664e-01
 -4.8274481e-01
 -6.2682623e-01
  2.2863927e-01
 -1.1635075e+00
  1.5495723e+00
 -6.3760686e-01
 -4.9822506e-01
  1.0870764e+00
  8.0130064e-01
 -1.5431474e+00
 -2.9078696e+00
  1.1043735e+00
  1.4766588e+00
 -4.3910468e-01
 -5.6129318e-01
  1.3861279e-01
  8.8841611e-01
  6.8068659e-01
  4.2196405e-03
 -2.5837689e-03
 -4.3187872e-01
  2.6804450e+00
 -1.2656280e+00
  1.1971626e+00
 -4.5603585e+00
 -4.6627620e-01
 -1.2840189e-01
 -9.2984729e-02
  1.6369026e+00
 -7.7653438e-02
  6.8541950e-01
 -5.1973730e-01
  8.3355151e-02
  1.5820646e+00
  3.0548050e+00
 -8.6128598e-01
 -3.7509710e-01
 -7.4285918e-01
  2.4032393e-02
  6.9681364e-01
  4.1759956e-01
  7.6903951e-01
  1.4578257e+00
  1.5919838e+00
  3.1630058e+00
  1.6233829e+00
 -2.3773353e+00
  1.2511578e+00
  6.2766558e-01
  8.9467973e-01
 -8.2996893e-01
 -1.0497723e+00
  6.8902302e-01
 -2.4110238e-01
 -2.3718958e+00
  9.2759889e-01
 -9.5235252e-01
  1.6740261e+00
 -9.0946412e-01
  1.8542501e-01
 -9.4858348e-01
 -2.0795518e-01
 -2.6081192e-01
 -1.7604823e-01
  2.8498980e-01
  5.6131959e-01
  1.5097675e+00
 -3.1944196e+00
 -2.2483252e-01
 -5.5750620e-01
  2.0296497e+00
  3.6204088e-02
  3.6200619e-01
 -2.6713514e+00
 -4.2012107e-01
  1.0661536e-01
 -7.8128654e-01
  3.0984512e-01
  1.2735926e-01
  1.0719679e-01
  1.0116187e+00
 -2.1776793e+00
 -1.8988452e+00
 -1.6858314e-01
  2.6690683e+00
 -3.4510761e-01
 -1.3260907e+00
  6.6656601e-01
  1.4691483e+00
  7.7988461e-02
 -1.4527555e-01
 -7.3171496e-01
 -1.4857924e-01
 -8.5831648e-03
  4.7607431e-01
 -8.8868445e-01
  7.4367297e-01
  7.7449763e-01
 -3.6251315e-01
 -4.2642146e-01
 -4.5639980e-03
 -1.6143854e-03
  5.7731257e-03
  1.3729629e-02
 -5.9575713e-03
 -7.6500386e-01
  4.6081957e-01
  7.2552299e-01
  9.1912794e-01
 -2.0782126e-02
  2.2287920e-01
 -1.0188503e-01
  4.2926782e-01
  4.1531414e-01
 -5.6004894e-01
  3.0859461e+00
  1.6176773e+00
 -4.7726981e-02
  6.9718741e-02
 -4.1545725e+00
  5.7497073e-05
  9.5024528e-03
  1.4233062e-01
  2.2292612e+00
  3.5840867e+00
 -1.7524035e+00
 -4.7130818e+00
 -8.3677057e-04
  2.0802312e-01
  1.9094802e-02
  7.5014913e-03
 -1.2834851e+00
  1.2424622e+00
  3.6070395e-01
  3.4729496e-01
 -5.5703670e-01
  7.8010505e-01
 -6.4368153e-01
 -7.5445652e-02
  3.7254080e-01
  9.1969448e-01
  1.9191068e-02
  1.6911241e+00
  1.5503459e-01
  9.9935317e-01
 -1.8525026e+00
 -2.4557140e+00
 -1.9264806e-02
  2.4145587e-01
 -2.7038053e-01
  2.4545798e-01
  2.7592418e+00
  7.7392817e-01
  1.7928351e-01
  2.8164008e-01
  3.0197421e-01
  8.0400743e-03
 -3.9840948e-02
  2.6725769e-02
 -1.7726780e+00
  1.7645875e+00
  3.4748736e-01
 -2.0204325e+00
 -2.3484680e-01
  3.7584767e-01
 -4.8504496e-01
 -6.4974630e-01
 -2.5033392e-02
 -3.2691045e+00
  1.7414203e+00
 -2.5634271e-01
  2.5256188e+00
 -1.4362352e+00
  8.8715035e-01
 -2.7338285e+00
 -9.5434916e-01
  8.1960803e-01
 -1.4085557e-01
  3.4468991e-01
 -1.4441003e+00
  1.6085207e+00
 -7.2814822e-01
  2.1846058e+00
  1.9126266e-04
 -1.5748311e+00
 -8.0754346e-01
  8.6886787e-01
  1.6868517e+00
  5.9564692e-01
 -1.4828136e+00
  3.1768215e-01
  5.9670556e-01
  5.4424691e-01
 -8.3904392e-01
  1.2148620e+00
 -2.2235031e+00
  2.6748867e+00
  2.9957104e+00
  7.5370097e-01
 -1.2621840e+00
 -3.4108260e-01
 -9.7591883e-01
 -4.5417208e-02
 -4.9052146e-01
 -6.1467826e-01
  7.2916836e-01
 -9.4084525e-01
  3.0654669e+00
 -1.8883593e+00
  5.4879063e-01
 -6.5212794e-02
 -2.6566653e+00
  9.9764562e-01
 -2.5058666e-01
  1.4508127e+00
  1.0974718e+00
  2.4569869e-01
  4.3094063e-01
  3.7492590e+00
  2.8969562e+00
 -1.9836655e+00
  2.9035350e-02
 -8.1736499e-01
  9.8286140e-01
 -7.8666233e-02
  1.0458351e+00
  1.6083000e+00
 -1.0622921e+00
 -1.3667808e-01
 -1.2152293e+00
 -1.7687806e-01
  2.2910826e+00
  1.9671910e+00
 -1.3234862e-02
  1.0642112e+00
  1.9521728e+00
 -1.9861934e+00
 -7.4109942e-01
 -5.7340991e-01
 -5.7813025e-01
  2.2142401e+00
  2.3646152e-01
 -2.6922119e-01
  1.5929385e+00
 -2.3016417e+00
  5.0549483e-01
  5.2983648e-01
 -3.3894513e+00
  2.8855087e-02
  1.1718173e+00
  3.0556419e-01
  6.7365879e-01
  2.8648642e-01
  2.1138117e-01
  7.0632750e-01
  1.8139949e+00
 -2.4341045e-02
 -4.8082262e-01
  8.9577444e-02
 -2.3951612e-01
 -1.6416103e-03
  2.7319241e-01
  4.1550741e-01
 -1.9558713e+00
  6.4333797e-01
 -1.5615199e+00
 -3.9445510e+00
  1.7943302e-02
  8.6141360e-01
  1.1034112e-02
 -2.1996987e+00
 -1.3592893e+00
  4.6364126e+00
 -1.6121470e+00
  6.8764633e-01
  4.3782955e-01
  4.3636336e+00
 -4.1029099e-02
  4.6439078e-01
  7.1567583e-01
  7.4034795e-02
  1.4017390e+00
  2.6035126e-02
  8.5906088e-01
  2.4252388e+00
 -9.4726962e-01
 -4.4592711e-01
  2.0995236e-03
  5.2478147e-01
  1.6014501e-01
 -3.0434108e+00
  1.5546814e+00
 -2.2432706e+00
 -8.7200522e-02
  3.1208646e-01
  4.1579287e-03
  8.5755998e-01
 -1.6679982e+00
 -2.6250955e-01
 -2.7844105e+00
 -1.5850809e+00
 -1.9583744e+00
 -1.1448482e+00
  6.5448570e-01
  4.2156219e-01
  3.6744958e-01
  9.2287368e-01
  2.1885092e+00
 -9.4862002e-01
 -5.8395964e-01
 -4.4930986e-01
 -9.1946155e-01
 -4.4144985e-01
  6.1450130e-01
 -1.2434278e-02
  2.1133754e+00
  1.4371041e+00
 -8.1409645e-01
  8.1402194e-01
  8.4665686e-01
 -2.3214300e-01
  4.8932257e-01
 -1.6557133e+00
  3.5307103e-01
  1.4420973e+00
  4.7490645e-02
 -7.0527232e-01
 -2.6345101e-01
  4.5248988e-01
  1.4108327e-01
 -1.4712967e+00
 -1.1998901e+00
  1.2656757e+00
  9.5718670e-01
 -3.4492188e+00
  8.3480519e-01
 -7.3107034e-01
  6.4236724e-01
  7.2616249e-01
 -2.0853362e+00
 -3.7281919e+00
  5.9899641e-03
 -2.5171384e-02
 -1.4279194e+00
 -1.2852778e+00
  6.5171057e-03
  3.5031338e+00
 -1.3347191e-01
  3.3080111e+00
  1.2604781e+00
 -1.7457390e-01
  4.1133547e+00
 -9.7896963e-01
  1.5434394e+00
  3.4801096e-01
 -2.6650240e+00
 -1.0853539e+00
 -5.3955531e-01
 -3.1377360e-01
 -9.2192002e-02
  9.2002469e-01
 -1.4491197e+00
  3.2073381e+00
  8.9299697e-01
 -2.4925702e+00
 -1.5818184e-02
 -2.6247642e+00
 -3.6198320e+00
  1.5940001e-03
 -5.1507431e-01
 -2.1491320e+00
  2.6453226e+00
 -3.1777140e-01
  1.8865377e+00
  9.7426154e-02
  1.8827379e+00
 -6.4824760e-01
 -7.6697230e-02
  3.8519257e-01
 -6.2384105e-01
 -8.1929415e-02
  5.0621212e-01
  5.0685543e-01
 -2.3979129e-02
 -1.6103774e+00
  2.1854429e+00
 -3.2523134e-01
  1.2798464e+00
 -7.2601020e-01
 -1.6710637e+00
  9.9018976e-02
  9.6875586e-02
  1.1770482e-01
 -1.4799235e+00
  1.8751701e+00
 -6.8146116e-01
 -3.0947435e-01
  9.8516768e-01
 -1.9035438e+00
  4.1482180e-01
  8.2242578e-01
 -4.6447054e-02
 -9.7392702e-01
 -2.0611918e+00
  1.4548763e-02
  4.2159680e-01
 -1.9236022e-01
 -3.9344254e-01
 -7.5147316e-02
  1.2802589e+00
  1.5104083e-02
  5.5096525e-01
  1.1513305e+00
 -5.9194255e-01
 -8.1301594e-01
  2.1880235e-01
 -7.5173932e-01
 -1.7611268e+00
 -5.6033593e-02
 -7.7352798e-01
  3.9381489e-02
  3.3995173e+00
  1.1405847e+00
  3.0169579e-01
  9.7387451e-01
 -1.9615012e+00
 -2.7917998e+00
  1.2065885e+00
 -1.4360684e+00
  2.5148859e-04
 -4.3616920e+00
 -1.0913554e+00
  2.3965361e+00
 -1.6155950e+00
  8.3251309e-01
  3.8851082e+00
 -2.9598436e+00
  1.0582956e-01
  1.9820823e-01
 -1.3911881e-02
  1.8319279e+00
 -1.7188866e+00
  1.8700324e+00
  1.3021088e+00
  2.6619878e+00
 -1.7906411e+00
  1.6064554e+00
  1.3159100e+00
  6.4036769e-01
  1.1216675e-01
 -3.1917349e-02
  1.3456398e+00
 -2.0045905e+00
 -1.7369406e+00
 -1.4800160e+00
  1.3587198e+00
  3.3019122e-01
 -1.0283443e+00
 -6.9081748e-01
  4.5796210e-01
 -5.7276416e-01
 -1.6063690e+00
 -1.9495385e+00
  1.2113202e+00
  1.1978136e+00
 -4.6014568e-01
  1.3664560e+00
  4.3016315e-01
 -1.9855316e+00
 -1.1649705e-01
 -5.3345096e-01
 -6.5553039e-01
  2.7093024e+00
 -4.4998276e-01
  8.4087199e-01
  1.1671865e+00
  1.9123096e+00
 -6.2847638e-01
  5.0915188e-01
  7.8058994e-01
  6.6681087e-01
  2.5382621e+00
 -8.0658990e-01
  1.3063375e+00
 -3.2609814e-01
  8.9623785e-01
  3.3431254e-02
  3.6265150e-01
  4.8609737e-01
 -2.0903218e-01
 -4.6814166e-02
 -6.0611075e-01
 -8.1079096e-01
 -4.5454040e-01
 -1.0045953e+00
  1.1516550e+00
  1.1749872e+00
  2.5797307e+00
  1.3180060e+00
 -1.3119745e+00
 -3.0353279e+00
 -4.4978359e-03
 -6.8724334e-02
 -8.7367481e-01
  2.2386432e-01
  7.2270119e-01
 -4.1155747e-01
  5.1980042e-01
 -2.1481490e+00
 -5.0926250e-01
 -2.5194693e-01
  5.2648388e-02
  4.6819444e-03
  1.1896333e+00
 -3.4989265e-01
  1.1429993e+00
 -1.6336370e+00
  2.5633564e+00
  3.9902166e-01
 -1.1076998e+00
  1.0030316e+00
 -6.6625351e-01
 -6.3512743e-01
  1.0337981e+00
  1.1686060e+00
 -7.2290048e-02
 -3.2884941e+00
  1.7498498e+00
  3.0190638e-01
 -1.4304770e+00
 -2.8580639e-01
  6.9831949e-01
  2.1519778e+00
 -1.3326864e+00
  2.9088411e+00
  2.7725801e-01
  4.6118714e-02
 -2.7864406e+00
  1.1357183e+00
  8.3431341e-02
  9.7329962e-01
 -2.0251827e+00
 -1.5966568e+00
 -3.8477403e-01
  1.5930222e+00
  1.1643199e+00
 -4.0491039e-01
 -7.1015239e-01
 -8.3760910e-02
  1.4931412e+00
  1.4047681e+00
 -2.6364391e+00
 -3.7219381e-01
  1.4816681e+00
  4.8995450e-01
  1.0899894e-01
 -5.4093897e-01
 -1.4147617e+00
 -8.3878569e-02
  1.1825764e+00
 -3.1997144e+00
 -7.1728587e-01
 -7.1323103e-01
  3.4549034e-01
 -3.7620452e-01
  1.7851245e+00
 -3.8790289e-01
  4.8033789e-01
 -1.0059978e-01
 -1.6035318e+00
  1.5024360e-01
  9.4236605e-02
  1.1216425e-01
  1.3757792e+00
 -7.8402460e-01
 -8.9720327e-01
 -1.6539243e+00
  8.5638791e-01
  1.8208882e-01
 -1.1552340e+00
 -1.0000798e+00
 -1.5221009e+00
 -7.8862589e-03
 -9.1467029e-01
 -5.0634229e-01
 -2.0935686e+00
 -1.1487960e+00
 -2.8971939e+00
 -1.2160460e+00
 -8.2299471e-02
 -6.8487710e-01
 -7.0143640e-01
 -2.6567343e-01
  2.2344328e-01
 -2.4817004e-03
 -1.5652126e-01
 -2.9085541e-01
 -2.6193333e-03
  2.6051173e-01
 -1.0678741e+00
  1.2182578e+00
 -2.0622818e+00
 -2.4518354e+00
 -8.9552426e-01
 -5.4954344e-01
  1.3220936e+00
  1.0626114e-02
 -5.5829072e-01
  1.2642567e-01
 -6.8263632e-01
 -5.2244216e-01
 -1.0225587e+00
 -9.4182296e-03
 -2.8220630e+00
 -1.1333077e+00
 -1.1340917e+00
 -1.6758864e+00
  1.4309343e+00
 -1.4097029e+00
 -4.7652331e-01
  3.9595379e-03
 -1.8182318e+00
  7.2635597e-01
  2.3647961e-01
 -1.7019508e+00
  4.0718472e-01
  7.7407730e-01
 -9.0945557e-02
 -1.4262321e+00
 -8.3723113e-02
 -8.2713801e-01
  5.7486135e-01
 -1.5544375e+00
  3.2518965e-01
  1.8398288e+00
  4.8912996e-01
 -2.8892589e-01
  3.2538539e-01
  2.9966107e-02
  1.5777367e+00
  3.4290287e-01
 -8.8573098e-01
 -2.7934471e-01
  1.9719334e+00
 -7.4735451e-01
 -3.1841978e-01
  7.7772401e-02
  4.5080593e-01
  5.1147628e-01
 -4.3154758e-01
 -9.1513890e-01
 -1.5161574e-01
  9.8251835e-02
 -4.9610201e-01
  3.4981743e-03
  3.4981743e-03
  3.4981743e-03
  3.4981743e-03
  3.4981743e-03
  1.3559224e-02
  1.3559224e-02
  1.3559224e-02
  1.3559224e-02
  1.3559224e-02
  6.9968579e-03
  6.9968579e-03
  6.9968579e-03
  6.9968579e-03
  6.9968579e-03
  3.7001986e-03
  3.7001986e-03
  3.7001986e-03
  3.7001986e-03
  3.7001986e-03
  1.9347675e-03
  1.9347675e-03
  1.9347675e-03
  1.9347675e-03
  1.9347675e-03
  1.7576875e-03
  1.7576875e-03
  1.7576875e-03
  1.7576875e-03
  1.7576875e-03
