nep4 1 Si 
cutoff 5 5 30 30
n_max 8 8
basis_size 8 8
l_max 4 2 0
ANN 50 0
  5.0656495e-06
  3.6609601e-06
 -1.7440138e-06
  6.2042818e-06
 -4.4671956e-06
 -6.1700439e-06
  6.0052375e-06
 -1.9775527e-05
 -6.3730789e-07
 -2.4158035e-06
 -7.7932791e-06
  3.0743724e-06
  5.2328983e-06
 -3.7502004e-06
 -7.6132369e-07
  2.4670302e-05
 -1.1839626e-05
 -4.1297935e-06
 -1.2955868e-05
 -7.6082820e-06
 -3.0057395e-06
 -2.9162743e-07
 -6.6103175e-06
  3.7327004e-06
 -5.4791180e-06
  1.0707189e-05
  8.6021589e-07
 -3.2913631e-06
 -9.4984563e-07
  1.1222165e-05
  1.5302955e-06
 -8.2777060e-06
 -4.9180480e-06
 -6.7931755e-06
 -1.8357126e-05
  1.0475154e-05
  1.8539247e-06
  1.0256963e-05
 -1.8928680e-05
  4.4934095e-06
 -9.0580727e-07
 -1.7361299e-06
 -3.9585093e-06
  2.3677217e-06
  5.7836144e-07
  1.3073312e-05
  2.4126884e-06
  2.9430869e-06
  7.2171015e-06
  2.8199804e-06
  2.8164150e-06
 -1.9311217e-06
  1.3770186e-05
  5.1643378e-06
 -8.2772422e-06
  1.1384005e-05
 -3.6742668e-07
  3.9451616e-06
 -4.6967120e-06
 -5.4424586e-06
  1.0135584e-07
 -2.1725061e-06
  9.6457018e-07
 -1.1652878e-05
  3.3200995e-05
 -1.5056493e-06
  6.8685387e-07
 -1.4818125e-06
  3.6993008e-06
  4.8662996e-06
 -2.2021300e-06
  6.2222402e-06
 -7.6502401e-06
 -1.9709410e-06
 -4.5851111e-06
 -5.8688593e-06
  7.3528026e-06
  5.8808314e-07
 -4.0031259e-07
 -1.7606106e-06
  4.7285207e-06
  3.5636415e-06
 -5.5222185e-06
  2.3341825e-06
  3.7299799e-06
  5.5307205e-06
  1.7141348e-06
 -7.7216566e-07
 -5.4851566e-06
 -2.4350511e-06
  2.8675617e-05
  3.4345130e-06
 -1.1984464e-05
  6.6077050e-06
  2.2350482e-06
  1.7973136e-06
  2.3995644e-06
 -1.1252289e-05
 -4.0434602e-06
 -5.1333336e-06
 -2.6260830e-06
  1.2556354e-05
  1.1788110e-06
  5.0321150e-06
  3.7070931e-06
  1.7210101e-06
 -8.3770447e-06
  3.4627203e-06
  4.0279440e-07
  1.5052797e-05
  6.7840405e-02
  3.5133508e-01
 -2.1549401e-01
 -2.7119300e-01
 -4.9659442e-02
 -3.9828664e-01
  3.9699019e-04
  2.4023350e-01
 -8.5014217e-05
  2.1090724e-01
  1.2105738e-05
 -9.9528879e-02
 -1.6773565e-01
 -3.2997367e-01
  7.1684277e-04
  3.6416930e-01
  1.1133286e-01
 -9.6032731e-02
  2.4573575e-07
 -7.8917847e-06
  2.9934227e-02
 -8.8998629e-03
  1.1596537e-05
 -6.6867033e-06
  5.5371773e-01
 -3.0676070e-05
 -1.7205095e-05
 -2.7642113e-01
 -9.1420804e-07
 -1.4887613e-01
 -1.6863213e-04
  1.2682470e-05
  1.9694755e-06
  1.1819735e-01
  8.1110520e-05
  4.9766104e-06
  1.2322760e-06
  3.8566627e-06
 -1.0433238e-01
 -1.0209492e-06
 -6.1927620e-02
  2.5316123e-07
 -1.1857716e-06
 -1.4416613e-05
 -3.0678716e-06
  1.4270986e-04
 -5.2477626e-06
 -2.4383831e-07
 -4.8591055e-06
 -1.1905278e-05
  4.0986270e-06
  2.2304571e-01
  2.6828843e-06
 -3.1365882e-06
  6.8360941e-07
 -2.9469325e-06
 -1.4573200e-07
  5.8617871e-02
 -1.7339802e-06
 -5.9744015e-02
 -7.3188784e-07
  5.8163814e-06
  1.2595097e-05
  1.3060290e-05
  3.5792742e-05
 -3.8794655e-02
 -2.0171457e-05
 -7.8008479e-06
  5.0620124e-04
  8.5758938e-07
  4.7130829e-06
 -7.8260132e-07
 -9.6055028e-06
 -1.6902526e-06
  7.6887090e-06
 -1.8082015e-02
  4.1370745e-06
 -1.1579218e-06
  5.1431757e-06
 -3.8822436e-06
 -4.2293441e-06
  5.2576411e-06
  4.9600970e-07
  7.1079843e-03
 -1.2952113e-05
 -5.4082361e-06
  6.1552578e-06
  6.9416303e-05
  1.6901198e-05
  2.4054028e-05
 -4.5888878e-06
 -1.4953528e-05
  1.2381146e-06
  2.4746951e-05
 -4.2756128e-06
  9.7804741e-07
  5.7713819e-06
  5.0508246e-05
 -3.1310717e-06
 -8.0463933e-06
  6.9841963e-06
 -2.9568155e-06
  1.5783176e-05
  2.0601321e-06
  2.1256735e-06
  1.1782119e-05
 -2.4577914e-01
 -5.0872059e-06
 -5.1861709e-01
  8.5547425e-02
  4.1454446e-02
  4.1023001e-02
  6.2069124e-01
 -1.6058747e+00
 -2.3394516e-01
  3.6709439e-02
  1.0013659e-02
  9.8094173e-02
 -2.6284748e-01
  3.2173449e-01
  1.0140664e-01
 -3.7644785e-02
  1.8686193e-01
  1.3674097e-03
  4.0462282e-02
  1.3627101e-01
 -6.7558862e-02
  4.4320694e-01
  2.7672845e-01
 -1.2170763e-01
  4.7616535e-01
  2.5348455e-01
  2.4107758e-06
 -8.0419022e-06
 -2.6804414e-01
  2.4311250e-01
  4.5281613e-01
  8.8443059e-01
  3.4901658e-01
  1.6876838e-01
  4.5056006e-01
  3.3015138e-05
 -6.2079672e-02
 -6.1315222e-04
  9.9094696e-03
  3.8078859e-01
  3.2823572e-01
  8.2771689e-02
  2.0647520e-05
 -2.5241148e-01
  7.9014426e-05
  1.6631260e-04
  2.7392631e-05
 -9.9144607e-05
 -7.2263815e-06
  1.3723716e-01
  1.3292011e-05
  1.8488023e-05
 -1.2942863e-06
  9.5608834e-07
  1.6956024e-06
  5.0031654e-06
  4.1100493e-06
  2.0274413e-06
  2.0810276e-08
  8.7197344e-07
 -4.1929966e-06
  2.6539462e-07
 -2.0506632e-06
  1.7873759e-06
  8.2792803e-06
  9.2850305e-06
  3.7340646e-06
 -7.0858441e-06
 -2.3843706e-06
 -3.0129906e-06
 -1.8088702e-05
  1.2131848e-05
  7.8374742e-06
  6.5771073e-06
  1.0557702e-06
 -4.9852533e-06
  3.7962923e-07
 -3.9489714e-06
  2.1921990e-06
 -4.6024134e-06
  6.9745624e-06
 -3.3085450e-06
 -4.5292463e-06
  2.9887786e-05
 -8.3743598e-06
  1.0630140e-06
  7.1700470e-06
 -1.1986175e-05
 -7.3502943e-06
 -9.9599365e-06
 -8.5573010e-06
 -1.3686192e-06
 -1.3765512e-06
 -2.6599228e-06
  3.6123415e-06
 -4.8302320e-07
  1.5395235e-05
  5.9161005e-07
  2.2304478e-06
  1.0353897e-05
  7.4240334e-06
  9.0565809e-06
  5.7115353e-06
  3.5360811e-06
 -1.2545609e-06
  1.7529595e-05
 -5.2860200e-06
 -3.2641326e-06
  3.2422299e-06
  8.0143025e-08
  9.5137875e-06
 -4.8103208e-05
 -2.2958752e-06
  3.5605115e-06
  3.5017329e-06
  9.6233571e-06
 -5.7877091e-06
  7.0898222e-06
 -1.8765039e-06
  8.2743290e-06
 -5.4683351e-06
 -3.1064594e-06
  1.2426924e-06
 -8.1520848e-05
  1.6612979e-05
  3.1196985e-06
  2.3806140e-05
  4.1020912e-06
  5.8882529e-07
  8.7768285e-06
  4.2579001e-07
 -8.1271291e-06
  6.5693330e-06
 -1.0081118e-05
  3.9874653e-06
  2.0760376e-06
 -2.1384687e-05
 -1.7108670e-06
  1.0612061e-06
 -1.6150277e-06
 -1.1456848e-06
 -4.8281054e-06
  9.2295450e-06
 -5.6159988e-05
  2.0994351e-06
 -3.5047315e-06
 -3.3954279e-07
 -1.8211750e-06
  6.1076344e-07
 -3.3228462e-06
 -7.9467037e-07
 -1.3285792e-06
 -2.6582397e-06
  5.5728098e-05
 -3.7594723e-06
 -9.4724755e-06
  1.5466019e-05
 -1.7136352e-05
 -3.1541842e-06
  5.7804064e-06
 -2.3338516e-06
 -1.6652865e-06
 -1.2009650e-05
  1.1039432e-05
 -8.3885789e-06
 -1.2484382e-01
 -2.8684632e-05
 -1.5394990e-05
 -2.4046794e-06
 -1.3664251e-03
 -7.2281769e-06
 -4.6193087e-03
  2.1160165e-06
  7.7473551e-06
 -1.1635796e-06
 -4.0024973e-02
 -1.0564788e-02
  6.8756253e-02
  2.5478756e-02
  1.7335678e-05
  8.2116630e-06
  9.5086449e-08
  1.6159849e-05
  5.1623952e-06
 -5.8603764e-06
 -7.9919219e-02
 -7.2383455e-06
  5.0133094e-06
  2.6910961e-05
 -4.7590320e-06
 -2.4732622e-06
 -1.7564884e-05
 -1.5622230e-05
  3.9582256e-02
  6.1168575e-06
 -1.8383251e-06
  8.7622516e-07
  4.4263788e-06
  1.8144927e-06
  5.5252190e-06
 -3.0486569e-06
  1.5893476e-06
  7.2877342e-06
  1.8558198e-05
  1.0049808e-06
  8.2905007e-07
  7.0657319e-05
 -1.3708437e-05
  1.6290363e-07
 -9.9951581e-07
  1.1285612e-06
  1.1989780e-06
  5.1396150e-06
  1.3446435e-06
 -1.3251840e-05
 -3.8044436e-06
 -7.2610546e-06
 -2.7582763e-07
 -8.7221351e-06
 -2.4324999e-07
  5.1647510e-07
 -5.8761652e-06
 -3.6137483e-06
 -1.7892708e-06
  2.2695940e-06
  1.6137702e-07
  3.7516666e-06
 -9.9816762e-06
  4.7135727e-06
  1.2112767e-05
 -6.6412918e-05
 -2.7668611e-06
  1.4804640e-06
 -1.1542995e-05
  6.2110746e-07
 -1.4172475e-05
  7.8930616e-06
  1.1214189e-05
  2.7998338e-05
  1.1570021e-06
 -1.3837702e-06
 -2.9490730e-06
  4.9131704e-06
 -3.1736961e-06
  5.4822494e-06
  1.5926646e-05
 -6.7277956e-06
 -2.3116415e-06
 -8.9134364e-06
  1.4669757e-06
  7.7404383e-07
  9.0975309e-06
 -1.8295974e-06
  4.2063671e-06
  2.7998458e-06
 -6.2536742e-06
 -1.8351911e-05
 -5.8003570e-06
  1.4686825e-07
  9.4742677e-07
  4.4866083e-06
  9.1623087e-07
 -1.8858141e-06
  1.8914367e-06
 -1.4578790e-06
  1.0674456e-05
  2.4449582e-07
 -1.5720816e-05
 -1.0750325e-06
  2.3452228e-06
  5.6571057e-06
 -1.0916777e-05
 -2.7045537e-06
  4.4877625e-06
 -8.4236026e-06
  1.5732933e-06
 -1.8386089e-06
 -8.9048415e-05
 -5.4066527e-06
 -1.1129404e-05
 -3.0333795e-06
 -5.6146445e-07
 -3.6185270e-06
 -2.8160553e-06
  7.6513134e-06
  1.0239913e-07
  4.5036813e-07
  2.8805765e-05
 -5.1922575e-07
  9.3464841e-06
 -5.7075640e-06
  1.5706675e-05
  5.1838701e-06
 -4.3772552e-06
  3.3033473e-05
 -1.3698991e-05
  2.6209425e-06
  3.5067403e-06
 -5.1122475e-05
 -4.0611871e-05
  7.3027231e-06
  9.4965571e-07
 -1.3504267e-06
  7.1838861e-07
  5.0612510e-07
 -1.1261298e-05
 -6.3013772e-06
  1.3647141e-06
  1.2345289e-06
  9.1437087e-06
  6.9232206e-06
 -1.9422810e-06
  8.9383411e-06
  1.8167219e-05
 -1.2167603e-05
  5.6832091e-06
  2.2930550e-08
  1.0457384e-06
 -2.8478469e-06
 -3.3181416e-06
  3.1694954e-06
  1.5921950e-07
  1.1748898e-06
  5.9737558e-06
  5.1629922e-06
 -4.1685012e-06
  8.4152007e-06
  5.9922843e-07
  5.9121849e-06
  3.2213993e-07
 -7.4883154e-08
  3.6613699e-06
 -2.5668762e-06
  4.1454864e-06
 -3.0745436e-05
  1.2025685e-06
 -1.6693364e-06
 -1.3009978e-05
  7.0980500e-06
  2.3346292e-06
  2.9236342e-06
 -3.8391227e-06
 -4.1866160e-06
 -4.7429094e-07
  1.0349679e-05
 -2.9919073e-07
  1.4242514e-05
  4.1929920e-06
 -3.2173732e-06
  9.1013762e-06
  8.9129280e-06
 -4.4994763e-06
 -2.7430369e-06
 -4.5668226e-06
  3.9249485e-06
  1.4214440e-05
 -4.4784366e-07
  1.4106754e-06
 -1.4916237e-06
 -5.7466036e-06
 -3.3366587e-06
 -2.8077957e-05
 -3.4764785e-06
  8.4606872e-06
 -5.2439304e-06
  2.6674411e-07
 -9.5579742e-07
 -1.6824830e-06
  4.6882690e-08
 -2.8989029e-06
  2.3015187e-05
 -1.5941927e-07
 -2.6050624e-05
  7.5961123e-07
  3.6031872e-06
  4.7998183e-06
  1.1135002e-05
  6.5383784e-07
 -2.3219331e-01
 -8.6685328e-04
 -8.1875306e-01
  2.1790509e-01
 -5.0715101e-01
  8.7650323e-01
  8.3558774e-01
  1.9048403e-01
 -1.2054214e+00
 -1.9301067e-01
  3.4607115e-01
  1.7149011e-02
  2.2491549e-05
  2.5200185e-01
  2.1440351e-01
  1.1288226e-01
  8.2971804e-02
 -9.7422777e-03
  1.3548972e-01
  7.1231699e-01
  4.4014028e-01
 -1.0226439e-03
  6.3763058e-01
  5.9759047e-02
  2.0748903e-01
  3.1236375e-03
  1.0008039e-01
 -4.1008409e-02
 -4.6633314e-02
 -1.1416553e-02
  3.1498471e-01
  8.4274173e-02
  1.6972398e-02
  3.7671402e-01
  2.4041265e-01
  4.8924681e-05
 -2.1576548e-06
  1.3569415e-01
  2.2188719e-02
  1.5214827e-05
  1.3333935e-01
  3.6931476e-01
 -2.8418818e-01
 -2.2182218e-03
  1.8688557e-05
  4.4093744e-07
 -1.2462571e-02
  2.7053676e-07
 -2.8828415e-06
 -6.9441135e-06
 -2.5108446e-05
  3.6485110e-06
 -2.8462848e-06
 -1.9328875e-02
  9.9932640e-07
 -1.5381722e-06
 -1.6468134e-06
 -8.6621839e-07
 -5.0755665e-07
  9.8988166e-06
 -8.2936358e-06
 -1.4429419e-05
 -8.6875079e-06
 -4.1317717e-06
  4.0820614e-06
  4.4395538e-06
  3.8299360e-05
 -5.6003510e-06
 -1.0295098e-06
  1.0312278e-06
  5.5202133e-07
  8.8500110e-06
 -1.3573898e-06
  6.6280577e-06
 -2.7345510e-07
  2.5176173e-06
 -1.5703550e-05
 -8.6196833e-06
  5.2524970e-06
  1.2825491e-05
  5.3472459e-06
 -8.5806406e-08
 -6.0836614e-06
 -4.5660572e-06
 -1.7382503e-05
  4.0050145e-06
 -1.6294682e-06
  2.3901132e-06
  5.2594160e-06
 -1.8800076e-06
  8.7429135e-07
  2.1918834e-06
  2.5758754e-07
 -4.0757750e-06
  2.0769725e-05
  1.8501487e-06
  7.1233694e-07
 -2.0890429e-06
  4.9815562e-06
  2.5101067e-06
  2.1720831e-05
  1.4465510e-06
 -1.1989202e-06
  1.0428217e-07
  6.9066868e-06
 -2.4106371e-06
  3.7722432e-06
  2.9641101e-06
  1.0183783e-05
 -2.1188391e-05
 -1.5062159e-05
  3.6903325e-06
  4.0616715e-07
 -2.1230615e-05
  6.2829831e-06
  6.7923970e-06
  1.0624217e-05
 -1.7259922e-06
 -4.9496803e-06
  5.6552246e-08
  1.6323359e-06
  3.1499971e-05
  3.2849921e-06
 -6.7020142e-06
 -1.1243323e-05
 -1.1678928e-06
  8.2720355e-08
 -6.5760241e-06
  2.9192549e-06
  1.1235606e-05
 -1.5173759e-07
  5.5742303e-06
 -3.5466605e-06
  5.5262774e-08
 -6.0488287e-06
 -1.0983919e-06
  5.0153344e-06
 -1.5474714e-07
  1.5281472e-05
 -1.7503659e-06
 -5.1965262e-06
  2.8028766e-05
  4.5141924e-06
  1.6484536e-06
  2.8217602e-07
  1.3836037e-06
 -2.2241866e-06
  2.4052688e-06
  4.6620157e-06
 -7.0042365e-06
 -1.5304744e-06
 -1.2365826e-05
 -1.2272541e-06
  5.5975042e-06
  2.4041827e-05
 -4.5050078e-06
  5.1812776e-08
 -1.1130226e-06
 -2.3432754e-06
  3.4758909e-06
  2.0699031e-06
  4.5200522e-07
  6.9261034e-07
 -2.3816687e-05
  2.4201056e-06
  7.3855399e-06
 -4.2090349e-07
 -6.1723392e-07
  3.9750175e-06
  2.3268030e-06
 -2.1719467e-05
 -2.5592919e-07
  1.1336861e-05
  2.7275411e-05
 -1.7159979e-06
  5.6834720e-06
  8.9561572e-06
  7.2045924e-07
 -8.9974566e-07
 -1.9647105e-06
  3.4546629e-06
 -8.8697780e-06
 -1.8287343e-05
  2.2202303e-06
  1.1142678e-05
  1.1287590e-06
 -6.1146961e-06
  1.0492273e-06
  2.0716179e-06
  1.1042785e-06
 -3.3636240e-06
 -2.3210978e-06
 -4.3348491e-06
 -7.0587789e-06
 -1.0181201e-05
 -5.6974650e-06
  7.6208721e-06
  2.9832194e-07
 -1.0595080e-06
  2.5980364e-06
 -1.0950934e-05
  2.9602339e-05
 -1.0061820e-05
  1.6192145e-05
  3.6959426e-07
  9.0894144e-07
  3.2643243e-06
 -3.8030748e-06
  5.6178877e-05
  6.7758860e-06
 -1.9327079e-05
  1.1403757e-05
 -1.2007931e-07
 -3.2883559e-06
  1.7434722e-05
 -7.8481598e-06
  1.3234820e-05
 -3.9537704e-06
  2.0056782e-06
 -2.5056754e-05
 -1.3423264e-06
 -7.5070184e-06
 -9.4379544e-07
  6.0907619e-06
  7.6878960e-06
  8.6164928e-06
  1.2824646e-06
  2.8558782e-06
  1.5233423e-06
  4.6591335e-06
 -4.3292598e-06
 -3.4474121e-07
 -2.2227039e-06
 -4.9822052e-06
 -1.4394003e-05
  1.8531455e-07
  3.9905099e-06
  4.0929513e-06
  7.4479340e-07
  5.0060253e-06
 -2.1014662e-06
  2.6750747e-06
  4.4432691e-06
  6.2619683e-06
 -3.4371169e-06
 -6.1905388e-07
  9.3111248e-06
 -1.0920178e-05
  5.8593314e-06
 -1.8752307e-05
  4.2166994e-06
 -2.0118998e-05
  3.5882395e-09
 -2.1350697e-06
  1.2637321e-05
 -4.1273584e-06
 -5.8508391e-08
  4.6488244e-06
 -1.9896984e-06
 -8.1027956e-06
  1.5676847e-05
  1.8249671e-07
 -4.9779860e-06
 -1.7590344e-05
 -3.1486430e-05
 -9.1551220e-07
 -3.8305052e-06
 -1.1340909e-06
  3.5364158e-06
 -6.5315721e-06
 -1.2183460e-05
 -4.9536834e-06
 -8.0046102e-06
  2.8242455e-06
 -2.7823503e-06
 -6.0729808e-06
  1.5662822e-06
 -3.6080797e-05
 -1.8201439e-06
  1.1736945e-05
  2.2344489e-06
 -5.3855829e-06
  1.0075083e-05
 -2.1186966e-06
 -4.5772808e-06
  1.6163265e-06
 -1.4898799e-05
 -2.6669475e-06
  8.1468324e-06
 -2.0692480e-06
 -1.3420893e-05
  1.8790566e-06
  2.2908414e-05
  1.9385748e-06
  4.7370704e-06
  8.0488544e-06
 -6.5834968e-07
  6.3365010e-06
  1.6224544e-06
 -1.0348454e-05
 -2.0712798e-06
  2.4585420e-06
 -8.3983323e-06
 -1.5806239e-06
 -2.0070020e-06
  8.8602633e-08
 -6.0309972e-06
 -1.7970196e-05
  5.4996772e-06
 -2.5230381e-06
 -1.0383536e-07
 -7.6256533e-06
 -1.1796105e-06
 -9.1283084e-07
  2.6846994e-06
 -7.7023551e-06
 -4.8618222e-07
 -4.9267260e-06
 -1.6429711e-06
  2.0728119e-06
 -1.8602277e-06
 -4.3696264e-06
  8.9774903e-06
 -1.2295460e-05
  5.1531865e-06
  1.0521869e-06
  2.7249962e-06
  5.0618664e-06
 -1.8097952e-06
 -2.3167488e-05
 -5.0674344e-06
  4.5732395e-06
 -6.4698327e-08
  6.1775027e-06
  4.8089573e-06
  7.0366455e-06
  3.6216761e-06
 -9.0069972e-07
 -6.7016167e-06
  5.8185847e-06
 -4.1532530e-07
  2.1054936e-06
  7.1456698e-06
 -8.5044676e-06
 -7.9159815e-07
  3.9176061e-06
 -5.0707831e-06
  8.3631985e-06
  5.0819599e-06
 -9.5955397e-07
 -5.8015894e-07
 -3.0638864e-06
 -9.0674412e-06
  3.2065864e-06
  2.0014973e-06
 -1.1496722e-05
  1.0088806e-05
  6.0543944e-06
  4.0322884e-06
 -1.1883343e-05
  1.7809454e-05
  6.5376389e-06
  8.1279586e-06
  4.2942647e-06
  2.2166630e-06
 -8.9743668e-07
 -5.8019182e-08
  1.7253004e-06
  8.2668726e-07
 -6.6262528e-06
 -1.0316757e-04
 -3.3752335e-06
 -1.7305324e-06
  1.1506845e-05
  1.9123850e-06
 -2.4589224e-06
 -3.9504416e-06
 -1.5633980e-06
 -1.2038671e-05
  2.3866726e-06
 -1.9698922e-07
  2.6029654e-06
 -8.3292689e-06
  1.0024808e-06
  2.3291311e-06
 -3.7164715e-05
 -1.5267415e-06
 -2.3673811e-05
 -4.1573826e-06
  2.0921359e-05
 -4.1816747e-06
  1.5304640e-05
  3.3244794e-06
 -1.0353301e-05
 -3.7788291e-07
  1.3517761e-05
 -6.9805224e-06
  1.6063703e-06
  2.1204993e-05
 -1.3511386e-06
  3.2393092e-07
 -2.3624179e-05
 -4.5153970e-06
  7.5656840e-07
 -1.2823058e-06
  7.8066196e-06
  3.6999220e-06
 -1.2476929e-05
 -1.1345530e-05
  9.0966438e-07
  3.5356029e-06
  1.0461990e-06
 -8.4539997e-06
 -1.2377685e-06
 -1.4518498e-05
  3.3425824e-06
  1.4689014e-05
  1.2914385e-05
 -2.3674938e-06
 -1.6079435e-06
 -4.0165801e-06
  1.7927784e-06
 -7.4263238e-07
  2.0745902e-06
 -6.5572131e-06
  7.6786622e-05
 -1.1105603e-05
  3.9535812e-06
  1.1577363e-05
 -2.5505317e-06
  7.1117239e-07
  7.5264220e-06
  1.9032447e-06
  1.0808843e-06
 -1.1537800e-05
  6.1208484e-06
  1.3794022e-06
  2.4858493e-05
  2.5230511e-07
 -4.4216472e-07
  3.5954727e-06
 -6.3617463e-06
 -2.0471039e-06
 -1.7499456e-06
 -8.6256186e-05
  2.6232178e-06
  6.1638737e-08
  4.1551702e-06
  1.3068830e-05
 -1.5468704e-05
  1.7602424e-08
  3.0621088e-06
  7.5213393e-06
 -1.7307557e-05
 -1.4767622e-06
  1.6830654e-08
  3.5289275e-05
  6.4743640e-06
  2.0560221e-05
 -1.9829106e-07
 -1.6559634e-06
 -2.5858099e-06
  3.4665409e-06
 -1.9163626e-06
  5.2624637e-06
 -1.9386612e-06
  4.2417837e-06
 -8.6861683e-06
 -8.0940259e-07
 -6.5124186e-06
 -2.3472972e-05
  6.8605291e-06
 -2.0419695e-06
  1.1515502e-05
 -1.0333138e-05
  8.7967355e-06
 -4.8917109e-06
 -8.5576121e-06
  8.2309516e-06
 -1.9138373e-05
 -3.4635868e-06
 -6.6472003e-06
 -2.3889249e-06
  1.0039316e-05
  2.4931971e-06
 -4.8102911e-06
  1.0150304e-01
  3.8429171e-02
 -2.4120796e-01
 -2.0722283e-02
  3.0558847e-04
  1.1095828e-01
 -5.4010502e-03
 -4.6370979e-02
  5.9031554e-02
  3.1004068e-02
  7.0714146e-02
  5.5146348e-02
  3.7611749e-02
  7.7832617e-02
 -2.7325261e-01
  9.7242981e-02
 -2.0249009e-01
  9.4322406e-02
  8.3824433e-04
  5.5683623e-03
  8.2719430e-02
 -5.1582403e-02
  5.6036688e-02
  8.3468467e-02
  4.9667004e-03
 -2.5483326e-03
  4.6526536e-01
 -6.2146980e-01
 -5.1991284e-01
 -2.2364192e-01
  9.7937919e-02
  7.7438170e-01
 -3.4818590e-01
  1.8876833e-01
  2.1743852e-01
  1.1508267e-02
  2.9819539e-01
 -5.7699624e-03
 -4.9291018e-02
 -2.8806502e-01
  3.5623964e-02
  1.5239825e-02
 -4.4883969e-01
  2.5477466e-01
  2.8622050e-03
 -3.3394294e-06
 -5.6090343e-05
  1.6638477e-01
 -1.0271038e-05
 -8.5992971e-03
  8.9521231e-03
  1.9887977e-04
 -2.5000444e-02
  6.8244306e-05
 -6.0508126e-01
  1.8792076e-01
  7.1992588e-01
 -1.6667841e-02
  1.0646918e-01
 -5.8781248e-01
 -6.0472015e-02
 -3.5505715e-01
 -4.3454729e-02
 -8.5830279e-02
  1.9047609e-01
 -6.2159729e-01
 -8.5119170e-01
 -1.7430587e-01
  5.6239372e-01
  5.0112540e-01
 -1.9523965e-01
  3.0681875e-01
  3.6153134e-02
 -3.2654914e-01
 -3.2176328e-01
 -1.5339601e-06
 -2.4520254e-01
 -9.2946357e-01
 -1.4838965e-01
  8.3068860e-01
  5.2383084e-02
  3.4956902e-01
 -5.0155801e-01
  8.8791758e-01
 -1.3928757e-02
 -2.3034674e-01
  7.6306027e-01
 -1.1816544e-05
 -5.0742015e-05
 -9.0016440e-02
 -3.9818716e-01
 -4.1203890e-03
  2.4491252e-05
 -8.9255291e-06
 -1.9389119e-02
 -8.5434563e-02
 -6.0757116e-04
 -4.5576927e-01
 -3.8338359e-02
  3.5990779e-05
  3.8723547e-02
 -4.6140804e-06
  1.6587475e-07
  1.9802376e-06
 -1.3212141e-02
 -1.3478658e-04
  4.8540976e-05
  7.8183793e-02
 -3.6169189e-05
 -1.3615109e-05
  1.0788992e-05
  6.7509541e-06
  1.3664345e-05
  6.1191931e-06
  4.3743466e-07
 -1.1984579e-05
  7.6940232e-06
  1.6034464e-05
  3.6365046e-07
  5.4380998e-06
 -5.2341502e-06
  1.0977918e-06
 -1.2725801e-05
 -2.4049234e-07
 -1.1278167e-05
 -2.1896465e-06
 -7.1409363e-06
 -3.0351484e-06
  2.9159632e-05
  3.6472845e-06
 -6.4701669e-07
 -1.4947243e-06
 -3.5770474e-05
 -1.4938481e-06
  2.4233764e-06
 -2.4179379e-05
  3.4078764e-07
 -1.7590342e-05
 -3.9614079e-06
 -4.1010949e-06
 -7.2388070e-07
  1.0059738e-05
 -9.7881011e-06
 -3.3874636e-07
  6.2038328e-07
 -1.3091505e-05
 -4.0502955e-06
 -6.2180885e-07
 -8.0195168e-06
  1.0355069e-06
 -3.2494705e-07
  1.7603988e-05
  8.1105100e-06
  4.3804840e-07
 -1.1053035e-07
  9.2137861e-06
 -1.5528663e-06
  1.7156994e-05
  2.8878419e-06
  4.1928761e-06
 -2.9743660e-07
  1.6796115e-06
 -6.9411353e-06
  8.3295045e-06
  1.7859042e-05
 -5.9935410e-06
  6.5849395e-07
 -7.7261518e-07
 -9.2439641e-06
 -1.0955756e-06
 -3.5247042e-06
 -2.3783326e-05
 -6.1715025e-07
  3.7305324e-06
  1.3152999e-08
 -5.8169599e-07
 -1.0897697e-06
 -3.1386003e-06
 -8.9447922e-06
  2.0888633e-06
  5.9955192e-07
 -9.9468434e-07
  5.5013297e-06
 -1.0429435e-05
 -5.9767672e-08
 -5.2990254e-07
 -5.0242188e-06
 -7.6411499e-07
  4.0215236e-06
 -1.4091269e-06
 -9.1577886e-06
  4.6827813e-07
  4.2389393e-06
  1.0222693e-05
  2.0863472e-06
 -2.6023129e-06
  8.2959705e-06
  1.5574109e-05
  4.3124478e-06
  3.0690143e-07
  1.8980669e-06
 -1.0237610e-05
  1.7747030e-06
 -8.7850054e-07
  1.1788083e-05
  2.1441208e-05
 -1.2400756e-07
 -1.1477732e-05
 -6.6324760e-06
 -5.0771155e-06
  4.2160445e-06
  4.7396195e-05
  4.6905210e-05
 -1.3725750e-05
 -5.4113713e-07
  2.6605901e-05
  1.3885626e-06
  6.4396650e-06
 -3.0067772e-06
 -1.2867383e-05
 -1.0942992e-05
 -1.2225371e-05
  1.4218985e-05
 -3.8892395e-06
  1.0579625e-06
  4.6037158e-06
  2.8274351e-06
  1.1547727e-06
 -2.3011023e-06
 -5.0667586e-07
  7.6614171e-08
 -1.3069287e-06
  9.5445475e-06
 -5.3241806e-06
 -8.6109014e-07
 -4.3866676e-06
  5.2103733e-06
  1.5072696e-05
  6.9032671e-07
 -7.9495840e-06
 -1.2311372e-07
  7.5054704e-06
 -2.2278666e-06
  5.0711606e-06
 -3.1514355e-06
 -4.7152830e-06
  6.5454915e-06
 -7.8474359e-06
  1.3314017e-06
 -8.4824806e-06
 -4.4142430e-06
 -3.2280816e-06
 -4.7873091e-06
  1.8463583e-05
  2.8227803e-06
  4.2683846e-06
  2.3280711e-06
 -4.4420458e-06
 -1.2239564e-05
 -5.6392660e-06
 -2.1700771e-06
  2.0837513e-06
 -1.1518358e-06
  2.2889682e-07
 -1.9980807e-05
 -1.4889509e-06
  2.1087817e-05
 -1.7459452e-05
  4.8053266e-08
 -7.3366880e-07
  1.3864817e-06
 -1.3436740e-08
  2.2594168e-06
 -1.8046983e-01
 -7.5281980e-07
  8.1558264e-06
 -1.8178122e-07
  6.6850230e-02
 -1.4833668e-06
 -4.8675615e-06
  1.5518317e-05
 -2.9847581e-05
 -4.2806564e-06
  7.5687774e-02
 -1.3263918e-06
 -8.1945072e-06
 -2.3474288e-03
  3.4409987e-07
 -2.3105674e-06
 -9.4050733e-07
  3.5059206e-06
  7.8278727e-06
  1.3941244e-06
  1.0962276e-02
 -5.3498488e-06
  3.0038320e-05
  1.6413313e-07
 -1.0774917e-06
  1.1049350e-06
  1.0865355e-05
 -7.9358788e-06
 -2.4590106e-03
 -1.1255779e-06
 -5.5945944e-05
 -1.1854339e-05
  9.9347099e-06
 -1.3596109e-06
  7.2233643e-06
 -7.7093973e-06
  2.7137257e-06
 -4.7939238e-07
  2.6101711e-06
  1.2507163e-06
 -5.5813449e-05
 -1.7907441e-05
 -4.4166204e-06
 -7.9182182e-06
 -8.5214742e-06
  1.7303435e-06
 -1.3667534e-05
 -7.2039720e-06
  1.8646104e-07
 -1.9461822e-05
 -2.5694691e-05
 -3.3304993e-06
 -2.4967992e-06
 -1.0513356e-06
 -1.6868825e-06
 -8.0181244e-06
  8.1705202e-06
 -1.3177594e-05
 -4.3193841e-06
 -1.2733510e-06
  6.2517097e-06
 -8.1540784e-06
  4.9747464e-06
  2.8682121e-07
  9.5050045e-06
 -7.2807156e-06
 -1.2951241e-05
  1.2815141e-05
  2.5632025e-06
 -1.9676518e-06
 -2.8333977e-07
 -6.8774043e-06
 -1.0243373e-06
  8.6782507e-08
 -5.6196986e-06
 -6.6627001e-07
  7.2568796e-06
 -8.5107540e-06
  2.1126036e-06
  7.1152472e-06
  1.1748236e-06
 -1.0976132e-05
  1.9705533e-06
  2.0085306e-06
  3.5870012e-06
  6.7992983e-06
  1.4250731e-05
 -5.1174338e-06
  1.4163465e-06
  8.2601600e-06
 -4.5167017e-06
  1.0816376e-06
 -7.9513429e-06
 -1.7089247e-06
  1.4981267e-05
 -1.6967038e-05
 -8.6009925e-07
 -1.0095347e-06
 -5.2490000e-06
  1.7654502e-06
  7.9345737e-06
 -2.7088392e-06
  1.7986038e-05
  5.0741860e-06
 -3.0863362e-06
  5.8646283e-06
  6.8136678e-06
  4.5364282e-06
  1.9507317e-05
  1.1832866e-05
  1.8892510e-05
 -8.7962098e-07
 -6.2005565e-06
  3.6954511e-06
 -1.6904341e-05
 -3.8129190e-06
 -1.1901537e-05
  8.9567366e-06
  1.2382091e-05
  1.7223344e-06
 -1.3640648e-07
  9.0344088e-07
 -4.3652781e-06
 -4.0900436e-06
  6.5065065e-06
  1.1364649e-06
 -2.0021978e-05
 -2.8310048e-06
 -2.4679832e-05
  3.7055511e-06
  1.5796828e-05
 -4.8563311e-06
  5.0250264e-06
 -3.7326717e-07
 -4.6068708e-06
 -3.7269972e-06
  3.5569642e-06
 -2.3778267e-07
 -3.3114952e-06
 -2.3967061e-05
  4.4629519e-06
 -4.5243373e-06
  2.3159109e-06
 -9.3185517e-06
 -2.3557732e-07
 -3.2565572e-06
  6.0837906e-06
 -5.6554472e-07
  9.8294404e-06
  4.7417785e-08
  1.7235096e-05
  3.4666687e-06
  5.1054285e-05
 -1.4841742e-06
 -4.2548872e-06
 -1.8667373e-05
  8.0852114e-06
 -9.7031716e-06
  9.9555618e-06
 -8.6454947e-06
  7.5081948e-06
  3.8153394e-06
  3.1047034e-06
  4.6285472e-06
  7.7155728e-06
  9.2028931e-06
  3.7413471e-07
  7.5179155e-06
  8.7217597e-07
 -1.9604313e-05
 -1.5493398e-06
  3.1598233e-06
 -3.8121667e-05
  1.2037393e-06
 -9.4563529e-06
  2.8492791e-06
  2.9785868e-05
  5.2588152e-06
 -1.7134202e-05
 -2.4982606e-05
  8.9047116e-06
 -1.2749776e-05
  9.0880130e-06
  2.1612553e-07
 -4.0786967e-06
  1.0443279e-05
  1.3301415e-06
 -1.9935590e-07
  8.4492785e-06
  1.5587393e-05
  1.5524171e-05
 -3.9213273e-06
 -3.2657199e-06
 -2.5834568e-06
 -5.9582021e-07
 -6.7853347e-07
  8.3409059e-06
  4.7109256e-06
  2.7899955e-07
 -4.0353495e-07
  1.2834301e-05
  9.2680020e-06
  1.6414098e-05
 -9.9647889e-07
 -1.2698305e-05
 -2.7759734e-06
 -9.5311507e-06
  3.9937690e-06
  1.0870026e-06
 -3.5213193e-06
  1.9179529e-06
  5.1585739e-06
  2.9627869e-05
 -6.1158153e-06
  8.0784403e-06
 -5.7506309e-06
 -3.9146344e-06
  1.0082937e-06
 -8.0823958e-07
 -1.2138003e-07
  2.0250507e-05
  3.6782872e-06
 -4.8995958e-06
  3.1084116e-06
 -6.2903187e-06
  1.3614285e-05
 -1.1091730e-05
  2.0939367e-05
 -1.4178833e-07
  8.1930048e-06
  7.0421959e-07
  3.5529797e-06
  3.0977112e-06
  7.9491465e-06
 -2.5121096e-06
  1.3116233e-05
  5.1240099e-06
  2.8971144e-06
  3.4369405e-05
 -1.9397210e-05
  8.4884878e-06
  2.6665889e-06
 -2.6773678e-06
 -5.7876623e-06
  9.6138410e-06
  7.6043438e-07
 -3.0356982e-06
  2.7193551e-06
  2.4460887e-05
 -7.2014109e-06
 -3.0740239e-06
  2.0960262e-05
  3.8983017e-06
  1.6156160e-05
  2.5064489e-06
  5.3015369e-06
  1.4782569e-05
  6.4135202e-07
  4.5072247e-06
  1.6393922e-05
 -1.0253289e-06
 -3.4160551e-06
 -3.8553967e-06
  9.2294376e-06
 -8.2501174e-06
 -5.2832445e-07
 -1.2331847e-05
 -6.5463001e-01
 -1.7796919e-01
 -2.0616949e-01
  8.3150387e-01
 -4.8401281e-01
  4.0780407e-01
  5.9140497e-01
 -3.7448399e-02
 -4.0748283e-01
  1.7542812e-01
  5.6779016e-02
  3.3761390e-02
 -6.4404771e-02
  2.0805362e-01
  5.4707485e-03
  3.3935171e-02
 -1.6567367e-01
 -2.3886390e-01
  1.9655190e-02
  2.4092337e-02
  2.3627731e-01
  3.6561503e-03
  9.2212129e-03
  2.6481497e-01
  9.4228886e-02
 -8.7651713e-03
 -1.5562534e-01
  6.9384187e-01
  3.6925605e-01
  4.7178411e-01
  1.9862239e-01
 -1.1684619e-01
  8.7700826e-01
  4.3937165e-01
 -2.4945545e-01
  2.5613821e-01
 -4.2797518e-01
  6.7756337e-01
  6.1762804e-01
 -4.2550091e-05
 -1.8903365e-02
 -3.9450470e-01
  4.8573989e-01
 -1.5456404e-01
 -2.2861257e-01
  1.2919718e-01
  2.5166063e-02
 -7.4860148e-02
  8.0004826e-02
  7.4203826e-06
 -9.7198330e-02
 -1.3107371e-05
  6.6692933e-02
 -2.1068694e-01
 -5.0344697e-06
 -2.3932810e-06
  2.2945134e-05
  6.6132006e-06
 -1.9654390e-05
  5.4589018e-06
  1.1903531e-07
  9.3530718e-07
 -2.4766409e-06
 -1.2325316e-06
 -1.2615097e-06
  4.2779807e-06
 -1.5577382e-06
  6.0367051e-06
 -1.6926684e-06
 -2.1378168e-05
  6.6139523e-06
  7.8238742e-07
 -6.5402614e-06
  4.4081776e-06
 -8.5537931e-06
  1.6183822e-05
  2.7814094e-05
  2.4175449e-06
  7.9386309e-06
  4.1975263e-06
  2.3529087e-06
  7.3999736e-06
  1.9729323e-06
  1.8969622e-05
  1.6276306e-06
  6.2642357e-06
 -1.5745725e-06
 -4.6549071e-06
  2.3997598e-06
  1.2386670e-05
  2.5577672e-06
  8.1165090e-06
 -5.4879642e-06
  1.0936588e-05
 -9.7480017e-07
  2.7233036e-06
 -7.0133747e-06
  5.9323494e-05
  7.6339933e-07
 -1.1311067e-05
  1.1796549e-06
  5.5264422e-07
  4.7264607e-06
  9.6898511e-06
  1.0173929e-05
 -3.0343424e-06
  2.7273752e-06
 -2.7548820e-06
 -6.6178209e-01
  3.9480990e-01
 -5.9974557e-01
 -2.2981118e-01
  1.4621148e+00
 -1.6801053e+00
 -2.7508767e-02
 -9.9168360e-02
 -3.4489337e-01
 -2.6364872e-01
  2.1661305e-01
  9.2896260e-02
  4.3443391e-01
 -2.0076157e-01
 -4.5773364e-03
 -1.5239589e-01
  3.0717790e-01
 -9.1909212e-01
 -9.7311987e-03
  4.4572395e-01
  3.8466901e-03
 -3.7729565e-02
  9.3815045e-04
 -2.4230378e-02
 -3.0109365e-04
  2.9446566e-02
 -4.5335427e-01
  1.7008008e-02
  1.1207978e+00
  1.1965729e+00
  2.1995877e-01
  4.6560663e-01
  3.3703813e-01
 -6.9872163e-02
  1.4291976e-01
 -1.8297051e-01
 -3.3409372e-01
  3.6590764e-01
  5.3935397e-01
  2.0129688e-01
  1.9417575e-01
 -1.9081184e-01
  2.0369694e-01
  1.6758727e-01
  1.2184175e-01
  3.6407083e-02
 -4.4742392e-05
 -1.2243253e-05
 -5.3105814e-06
  2.0501631e-01
  1.3003431e-03
  3.3214324e-06
 -1.0344012e-04
 -7.9341555e-01
  9.2891551e-06
  1.3682828e-07
  1.1162625e-05
 -5.6264012e-06
  1.8152214e-05
  6.0893926e-06
 -1.1177909e-06
  6.7606361e-06
 -1.2125112e-06
  3.2985503e-07
  1.4795150e-06
  4.9998391e-07
 -3.4590503e-06
  4.7479709e-08
 -7.3898623e-06
  1.8035507e-06
 -2.6559760e-06
 -2.1241667e-06
  4.9705632e-06
  2.1419430e-05
 -1.9778658e-06
 -8.6121645e-06
 -2.7855435e-07
  2.3332646e-05
  1.6688447e-05
  1.5140728e-05
 -2.6562273e-06
  4.3562695e-06
  1.8605326e-05
 -1.1478216e-05
 -8.0609595e-07
  2.1192816e-06
  1.1070530e-05
 -1.8654402e-05
 -3.1568645e-06
 -3.3033637e-06
 -8.6728517e-07
  6.4648608e-05
  4.1069499e-05
 -3.7372645e-06
 -6.2478794e-06
  1.8138187e-05
  1.6449824e-06
 -8.6581679e-07
  7.5901844e-06
  3.8623471e-06
  5.9066579e-06
 -3.1026843e-06
 -1.4954403e-06
 -1.1092584e-06
 -3.4137574e-06
  6.6838493e-06
  5.7836673e-06
  8.1415274e-06
 -1.6667260e-06
  1.2065168e-05
  5.4596501e-07
 -6.8761830e-07
 -1.1013144e-05
 -4.7322978e-06
  3.5422347e-06
 -2.1797978e-06
 -2.4387919e-06
  1.2923644e-05
  2.3596581e-06
  3.1392794e-06
 -7.5108460e-06
  9.4895449e-06
  6.8301449e-07
 -5.5805238e-08
  1.4095369e-06
 -1.0246614e-05
  1.0175387e-06
 -6.7084939e-06
  1.5195590e-06
 -1.0392152e-05
 -2.7897022e-06
  1.6700996e-06
 -7.4278305e-06
  3.8784119e-06
  2.3964151e-06
  1.0293576e-05
 -1.7236542e-05
 -2.3645703e-07
 -1.0644302e-05
 -1.1193964e-06
  1.1711719e-06
 -1.8491131e-05
 -3.7814780e-06
  8.1952305e-07
 -2.5588677e-06
 -6.3147223e-07
 -3.1014670e-06
  1.7810870e-06
 -8.4788326e-08
  9.8222972e-07
  6.1132782e-06
  3.6344696e-07
  1.2555930e-06
  1.7911907e-05
 -9.1704969e-06
  6.5185054e-06
 -2.4909139e-07
 -2.5393529e-05
 -5.2300842e-05
 -6.1098235e-06
 -3.1475413e-06
 -3.7729046e-06
  1.3284599e-06
 -5.8614701e-06
 -3.4370128e-06
  2.2793469e-01
  1.2776572e-01
 -1.1698820e-05
  7.9715455e-06
  5.2553741e-03
  9.5741567e-04
 -1.1507258e-06
 -1.3666632e-05
 -3.1334953e-04
 -2.3197115e-06
  1.4844099e-01
  6.3320518e-02
  6.8984436e-06
 -5.2125338e-03
  1.1051192e-05
  2.4699706e-05
 -3.0954875e-06
 -2.8411598e-06
  1.0447248e-05
  3.0128508e-06
  6.5566346e-02
 -9.3196777e-06
  1.8894045e-05
 -1.2126558e-05
  8.9018326e-03
  2.1700900e-02
 -3.1303482e-06
  6.5716754e-06
 -7.8733271e-04
 -3.1607237e-06
  1.5288311e-05
 -1.1282621e-05
 -3.7294571e-06
 -1.1085285e-05
  1.8086719e-05
  1.0527953e-05
 -1.9052592e-06
 -6.5343334e-06
 -4.0102630e-05
 -4.1668518e-06
 -1.5145797e-06
 -1.9836850e-06
  8.7290518e-06
  1.7963874e-05
 -6.3478496e-06
 -1.8499293e-07
  2.4373225e-05
 -9.7591173e-06
 -5.1416805e-06
 -1.8481342e-05
  6.8145364e-06
  4.5928755e-03
  5.5184835e-01
 -3.1667992e-03
  8.5803932e-01
  1.0903140e-04
  2.1573420e-01
 -1.2698674e-02
 -1.5011555e-01
  7.3344469e-02
  7.1164139e-02
  3.4792773e-02
  1.0548727e-01
  1.5885659e-01
 -4.3052170e-02
 -2.4955301e-01
 -6.8879806e-02
  1.8671468e-01
  3.4846149e-03
 -3.8953952e-02
  1.8658642e-01
  5.7117455e-03
 -7.5754866e-02
  2.5308063e-02
  9.6996218e-02
 -3.5808903e-01
 -8.0096029e-02
  1.9594431e-01
 -6.5964031e-01
 -2.1722104e-01
 -4.1889112e-02
  2.4982755e-01
  9.2641538e-01
 -4.2492282e-01
  1.0432012e-01
  7.6273531e-02
  5.3574838e-04
  3.4154141e-01
 -1.6300271e-01
 -5.5326946e-02
 -2.3799337e-01
  7.6286525e-01
  2.3280780e-01
 -2.5897455e-01
  1.7550752e-01
  1.8600706e-05
 -7.5854160e-02
 -1.4129269e-03
  5.2372804e-03
  1.2347402e-06
  2.4653318e-05
  4.1875968e-04
  6.3952128e-03
 -3.4563176e-02
 -2.2752738e-02
 -8.2257588e-07
 -2.5673448e-06
  1.5831820e-05
  1.0350325e-06
  1.5879464e-06
 -1.7988795e-06
  1.4705938e-05
  1.1570028e-05
 -3.0505114e-06
  2.0724317e-06
  1.5980946e-06
  2.4393594e-06
 -1.0922625e-05
  3.5438545e-05
 -3.3536773e-05
  3.1485235e-06
 -3.6063357e-06
  6.1046421e-08
  8.7551925e-06
 -3.0950237e-06
 -2.0101415e-06
 -2.7797967e-06
 -6.9667212e-06
  5.0960743e-06
 -7.3506817e-06
  6.1136097e-07
 -7.5151111e-06
 -1.5044601e-06
 -8.9661480e-06
 -5.1853680e-05
 -2.8971538e-06
 -8.0300124e-06
  2.1566259e-06
  1.4418858e-06
  5.8172782e-07
  9.6795429e-06
 -3.2628245e-06
  3.7865934e-06
  3.9736105e-06
  6.8323111e-06
 -1.2435911e-06
 -1.8520028e-06
  3.6312210e-06
  4.7619199e-07
 -4.7315812e-06
  1.1188125e-05
 -3.3578112e-06
 -1.0531525e-05
 -2.3328510e-06
 -4.1435950e-07
 -2.3648010e-05
  1.1460478e-06
  1.8392358e-05
 -2.7460744e-06
  7.3995570e-06
 -1.0201421e-05
 -5.5194209e-06
  3.0229994e-06
 -2.6014166e-06
  7.5335111e-06
  1.3320021e-06
  2.1305027e-06
 -1.0999451e-05
  2.7567876e-06
 -5.8963076e-07
  2.0739290e-06
  2.9775572e-06
  1.2948009e-05
  6.7895298e-06
 -1.0207415e-05
 -8.4856638e-06
 -5.8371126e-07
 -1.6350152e-05
 -6.2900549e-06
 -2.3810485e-06
 -3.4131601e-05
  1.8393570e-06
  1.8574177e-05
  1.2356818e-06
 -9.1658185e-06
  9.8044939e-06
  1.2093809e-06
 -3.0099591e-06
  2.6805726e-06
  2.1055821e-06
  2.7475216e-06
  1.4148551e-06
 -6.8790259e-06
  8.7707149e-06
 -1.7274380e-05
 -1.1028799e-05
  1.6667868e-06
 -1.9418053e-08
  6.8934669e-06
  8.3218256e-06
  9.7369445e-07
  7.0049537e-06
 -8.3565255e-06
  2.8068089e-06
  2.5582522e-06
  5.3778158e-06
  1.0462290e-05
 -1.0825300e-06
  3.9052879e-06
 -7.9927886e-06
 -9.1755840e-07
  1.1845038e-06
  2.4273331e-06
  1.4851166e-02
  6.7892200e-01
  1.9280513e-01
  2.2150325e-02
  3.2582292e-01
 -5.0468373e-01
 -5.4322320e-01
 -3.4953877e-01
  3.6484450e-01
 -3.9657709e-01
  3.7677747e-01
  2.1265180e-01
 -3.8716409e-01
  1.4351390e-01
 -1.2851271e-01
  2.7556869e-01
  5.8661904e-02
 -4.1117013e-01
  1.3966690e-01
  4.8856258e-01
 -2.3765519e-01
  1.4069716e-02
  2.2000352e-01
 -1.3472924e-01
 -2.8377739e-01
  8.0662845e-03
 -3.2689208e-01
  5.0935102e-01
 -2.8526573e+00
 -5.1074803e-01
  6.4190638e-01
  2.0018904e+00
 -2.5190216e-02
  1.1502337e-01
  8.7708277e-01
 -4.0722439e-01
 -6.5388697e-01
 -2.1112411e-01
  3.0259815e-01
  1.8645756e+00
  2.8852978e-01
  4.1203651e-01
  3.6930144e-01
 -1.7325866e-01
 -2.4539519e-02
  1.1016809e-06
  1.1754841e-01
 -5.4088096e-06
  1.0737416e-01
 -7.1567588e-02
  5.6363173e-02
 -1.2002422e-01
  2.2258551e-04
 -9.1670319e-02
  4.7747462e-06
 -1.0672767e-05
 -4.8751888e-05
 -5.5183243e-02
  1.7114800e-06
  3.4615301e-02
  8.1066969e-07
  1.1678176e-01
  2.2036903e-02
  1.0905996e-05
 -2.0963795e-05
  7.7698261e-02
  3.2436587e-03
 -1.4220949e-01
 -5.8885716e-02
  8.7049790e-03
  1.0014168e-02
 -7.0487745e-06
  1.0834648e-04
  1.0920849e-05
  3.0890897e-05
 -3.0826952e-06
  1.6210341e-05
 -9.4525456e-02
 -4.5050469e-06
 -4.7452100e-05
  7.5719714e-02
 -4.9517445e-02
 -7.1856514e-02
 -1.8028994e-05
 -1.7334546e-06
  3.7853840e-01
 -1.7617996e-05
 -8.1064018e-06
  6.6896209e-06
 -7.6023849e-07
 -2.9039654e-06
 -7.4859745e-06
  9.7107377e-06
 -2.9430184e-06
  2.9905137e-02
  2.5225569e-05
 -1.5348522e-05
  3.3354206e-06
 -3.4424846e-07
 -5.6690055e-07
 -7.7896846e-07
 -3.9673100e-06
 -1.6984057e-05
 -2.0959098e-06
  1.4710433e-06
  6.4564811e-05
 -1.2955031e-06
 -2.9869507e-06
 -5.3494814e-06
  2.2595300e-06
 -9.6918848e-06
  9.2647751e-06
  3.3885685e-06
  8.6983337e-06
  3.3705368e-07
  8.9466050e-07
 -1.6364906e-05
 -6.4473625e-07
  8.5714310e-06
  6.0731813e-06
 -3.0912684e-06
 -3.1518900e-06
 -1.1341363e-06
 -5.3626677e-06
  6.8005659e-07
  1.1627646e-06
 -3.3916670e-06
 -7.2765067e-07
  4.3211667e-06
 -2.0615513e-05
 -5.0193530e-06
  2.3504772e-06
 -5.1921495e-07
  1.0268459e-05
 -9.9743738e-07
 -4.0722435e-07
  2.5340574e-05
 -2.5964205e-06
 -1.1121339e-06
  1.9142713e-05
 -2.0628278e-05
  2.2107990e-06
  1.3671177e-05
  2.8123145e-06
 -9.6495078e-06
  7.9369420e-06
 -4.1994808e-06
 -2.2020899e-05
  5.9781689e-07
 -3.5060684e-06
  8.1310154e-06
 -1.2708319e-05
 -3.7278032e-06
 -6.5046788e-06
  7.1213972e-06
 -2.1153223e-06
  3.1096934e-06
 -8.6996915e-06
 -6.5793387e-07
 -2.6828252e-06
 -6.0146522e-07
  8.3984442e-06
 -3.4624263e-06
  5.2941014e-06
 -5.1537444e-07
  3.3988167e-07
  1.3845468e-05
 -2.4319939e-05
 -6.3774573e-06
  8.7000226e-06
  1.4675470e-06
 -9.1459719e-07
  9.8003948e-06
  1.1107076e-06
 -1.7435945e-05
 -6.4472348e-05
 -2.6087835e-06
 -3.6457951e-07
 -4.1094876e-07
 -1.1073311e-06
  7.1212935e-06
 -9.7394292e-08
  8.0146776e-07
 -2.0577995e-06
 -9.2947885e-06
  1.5916153e-06
 -2.7155276e-05
  1.0459595e-05
  3.1749641e-07
  9.8507899e-06
 -4.6204686e-06
  9.2479349e-06
 -2.1828544e-05
  1.3350317e-05
  1.3991046e-06
  1.0536349e-06
  6.6652956e-07
  8.2717925e-06
 -1.6849924e-06
  4.2928634e-05
 -1.1184741e-07
 -3.2541793e-06
  1.8685299e-05
  4.7035592e-06
 -8.4271915e-06
 -1.0186448e-05
  1.6245051e-05
 -2.8840216e-06
 -1.4770677e-05
  1.1768502e-06
 -8.9800769e-06
  4.7289897e-05
 -1.6108608e-05
  4.2581405e-07
  9.9339322e-06
 -2.5252232e-06
  7.9506777e-02
  2.4361845e-02
 -1.5124653e-01
  4.1198175e-02
  1.3726857e-01
  3.4236323e-02
 -1.5666544e-01
 -4.8183358e-01
  2.5097130e-02
 -3.3032496e-03
 -1.0947173e-03
  2.8065838e-02
  1.5727794e-02
  7.1865582e-04
 -1.0822998e-01
  4.2160030e-02
  1.6502914e-01
  3.1062128e-02
  2.7556585e-03
 -2.5094047e-01
 -5.5329349e-07
 -2.4973139e-02
  3.8849670e-02
 -3.7902165e-02
 -3.6872257e-03
  4.2641759e-02
  1.3247325e-01
 -3.7898529e-01
 -8.5727341e-02
 -1.0864597e-01
  2.4334334e-02
  1.6264826e-01
 -7.9968250e-01
  4.5214485e-02
  8.4595196e-03
  4.3856818e-02
  1.9416966e-01
 -3.5821680e-02
 -2.3354802e-01
  1.5647416e-05
  1.8710731e-02
  1.2572940e-02
 -4.4716955e-03
  1.1542024e-01
  3.8081244e-02
 -4.2060186e-05
 -1.0056283e-05
  4.3748375e-02
 -4.8832962e-06
 -1.1710156e-05
  1.8554732e-05
  4.4611188e-06
 -1.5385373e-04
  6.8220288e-07
 -1.4883431e-06
 -1.0908824e-05
 -8.7712087e-06
 -9.0744561e-06
 -3.8594982e-05
 -3.8403073e-06
  1.0894771e-05
 -1.7106035e-05
 -8.9548157e-06
  4.1544023e-05
  1.9515838e-08
  1.3559774e-05
  2.0223320e-06
  1.7161623e-06
  4.5189049e-06
  1.2327931e-05
  2.1494880e-05
  3.0158549e-06
  6.2561126e-06
 -5.0902159e-08
  1.1111811e-05
  4.7991380e-05
 -4.1541962e-06
 -1.7094386e-05
  7.9158326e-06
  3.3370668e-07
 -1.0295855e-05
  2.2164715e-05
 -2.0673686e-05
  1.7566675e-06
  6.8668237e-07
 -1.8477085e-05
  1.1367300e-05
 -2.9882588e-06
  8.1937351e-06
  3.4240352e-06
 -2.9037826e-06
 -1.5376966e-07
  6.3056959e-06
  1.0546521e-05
 -1.0857842e-05
 -3.1852333e-06
 -2.4280962e-06
 -2.4539725e-06
 -1.4719633e-06
 -1.8121709e-05
 -9.0909680e-07
  7.6927672e-06
 -1.2827611e-05
 -1.2935377e-05
  1.8749121e-06
 -5.8747478e-06
  8.4485173e-06
  4.3651056e-07
 -1.1795874e-05
 -2.0643778e-01
 -6.9749171e-07
 -2.2420390e-01
  1.9977789e-01
 -3.1725499e-01
 -1.3918063e-05
  5.2439429e-02
 -5.6941664e-01
  8.8385696e-06
  2.5857364e-06
  2.4681005e-06
  8.8375473e-06
 -4.0881476e-01
  2.3700023e-01
  1.5590887e-01
 -2.9482433e-01
  3.2138905e-05
  1.3722989e-06
  3.0456340e-01
  7.4896393e-06
  2.6560199e-06
 -4.3536525e-02
  6.0886494e-05
  1.4273839e-05
  6.9122370e-06
  2.9044311e-06
 -4.0054104e-07
  1.0200624e-05
  3.8154045e-01
 -2.1427610e-07
 -2.3669572e-01
  7.5729218e-07
  6.3771881e-07
 -1.0082556e-06
 -2.2149501e-05
  9.6753020e-06
  1.1074743e-05
  7.9174033e-06
  1.0787403e-05
 -8.6407863e-06
 -2.7145801e-05
  1.2294034e-01
 -3.4310949e-07
 -2.5584725e-06
  7.3658493e-06
 -9.8811506e-06
  2.2748932e-06
  1.5373476e-05
 -2.0297466e-06
 -4.7500671e-06
  8.0451287e-07
  5.2958871e-06
  3.8711846e-06
  6.3097380e-02
 -3.1282734e-02
 -1.1419239e-01
  4.8166316e-02
 -1.4504720e-01
 -4.2101171e-02
 -3.0723577e-02
 -1.3169774e-01
  6.1755707e-03
  2.0243567e-01
 -1.3340579e-03
  4.9547870e-02
  5.0501917e-03
 -2.1284921e-02
 -1.9727570e-01
  1.8261242e-01
 -3.0807534e-02
 -2.3371113e-05
  2.4638097e-03
 -6.7641132e-02
  3.7163857e-02
 -1.1249240e-02
  3.8081564e-02
 -8.7582007e-02
  9.5029805e-05
 -1.2038279e-04
  2.2465551e-01
 -5.1045358e-01
 -2.5390312e-01
 -1.9523631e-01
  1.3305154e-01
  4.3089232e-01
 -1.4921822e-01
  9.1023743e-02
  5.4895740e-02
  3.3967071e-03
  2.3908378e-01
 -3.9330656e-03
 -1.3530214e-01
 -6.8260945e-02
  7.4700681e-03
  4.2088106e-03
 -2.0686875e-01
  8.3093092e-02
  1.3283824e-02
 -5.1289580e-06
  2.6751729e-06
  5.6001846e-02
 -2.7568719e-06
  3.4632865e-06
  4.1331653e-04
  7.8254689e-06
 -1.8448889e-05
 -6.4766787e-06
  5.4006437e-06
 -2.7028852e-06
 -2.5138438e-01
  6.3679941e-02
 -5.2943774e-02
  8.0351559e-03
  3.6144279e-06
  3.0017655e-02
 -2.0017633e-02
  9.2018917e-02
  8.9076973e-05
  4.1324213e-02
  2.8592362e-05
  1.5071788e-01
 -1.4837115e-01
 -7.0758820e-02
  6.4328597e-03
 -1.7068159e-06
  6.7070761e-07
  2.4144958e-05
  4.6313369e-05
  7.7051172e-06
  7.4659787e-02
 -5.0172035e-02
 -1.0318561e-06
 -1.7663110e-02
  1.1123812e-02
 -8.2390495e-02
 -1.1177360e-05
 -2.0388786e-02
 -9.9447696e-08
  1.2134522e-01
 -1.1241016e-05
  2.1042606e-02
 -7.0706693e-07
  1.1950209e-02
  1.3751965e-02
  1.4577570e-05
 -1.8778996e-05
  2.3040810e-05
  1.7964834e-02
  3.9776842e-05
 -1.1233608e-06
  1.3724562e-05
  3.4234719e-05
 -2.8961605e-07
  5.2199707e-06
  1.6082049e-05
  1.7464214e-05
 -2.0822058e-06
  1.0301482e-05
 -7.2873860e-07
 -2.7023939e-06
  3.1637230e-06
 -3.4061750e-06
  2.1650932e-05
 -5.8451419e-06
  2.1904019e-05
  6.8326784e-07
  1.1232555e-05
 -8.4359533e-07
  3.0564668e-06
  2.3299065e-06
  1.5326286e-07
 -2.1116102e-05
  1.5345786e-05
 -4.9934406e-06
 -2.0761583e-05
 -1.3282672e-06
 -3.0610215e-06
 -8.9094027e-07
 -2.5931041e-07
  7.0421161e-06
  3.5855041e-06
 -1.8197039e-08
  3.2248770e-06
  5.7565508e-06
 -5.0041234e-07
 -2.5862025e-06
  1.0635822e-04
  2.4653643e-06
  2.5806985e-06
 -9.3296603e-06
 -2.7966912e-06
  7.2235252e-06
  1.0331168e-05
 -7.5813728e-06
  8.3590548e-06
 -1.3370027e-07
  4.9050054e-06
  1.9646095e-05
  3.2243013e-06
  2.1552842e-06
  9.1285056e-06
  4.2220649e-06
  9.3100707e-06
  6.8048676e-06
  9.6840031e-06
  3.4692055e-06
  3.5724213e-06
 -1.6334341e-04
  1.0235139e-05
 -1.8403891e-05
  6.3518701e-06
 -1.1092637e-05
 -1.3057222e-05
 -4.8903649e-07
  1.0851263e-06
  2.7044592e-07
  3.6683359e-06
  7.5598240e-07
 -3.2328423e-06
 -1.5589007e-05
 -1.2037474e-05
 -2.2771796e-06
 -1.7578044e-05
  9.0927697e-06
 -7.6653459e-06
  1.7569650e-05
  1.6745166e-06
 -1.9876956e-05
 -8.9403511e-06
 -6.4856958e-06
  3.1542602e-06
  2.2156314e-07
 -9.5325629e-07
 -2.6436312e-06
 -1.0700605e-05
 -8.2103452e-06
  1.5064525e-05
 -3.3579272e-06
  1.2878318e-06
 -1.0258340e-06
  2.6877510e-06
 -8.3523673e-06
 -3.5108624e-07
 -3.9321912e-06
  2.4411650e-06
  8.9244793e-07
 -1.8826579e-05
 -4.0384819e-07
  1.5339217e-05
 -1.7179003e-06
  1.1165079e-06
  7.7760620e-07
 -4.0598243e-06
 -3.5183023e-06
 -5.3186559e-06
 -1.5351782e-06
 -2.0963745e-07
  1.0227603e-05
 -1.6832453e-05
  2.0475530e-07
 -4.0546502e-07
  1.1647588e-05
 -1.3210187e-05
  1.1748592e-05
 -8.1400185e-06
 -1.7191328e-06
 -1.6313936e-06
  2.2858374e-06
 -2.8589593e-06
  1.2931454e-06
  9.3044291e-06
  3.1773248e-01
 -7.0321389e-06
  1.3507084e+00
 -3.1532109e-05
 -2.8265475e-05
 -4.6137893e-07
 -2.7070660e-06
  2.4444857e-06
 -2.6486027e-06
 -1.0425318e-01
  4.5670527e-05
  1.3731080e-05
  8.2909910e-06
  8.0413010e-06
  8.0400291e-09
  2.5578833e-05
 -2.3029293e-06
 -7.5021876e-06
  3.3090791e-01
  3.8518883e-02
 -9.4218933e-07
 -9.8852252e-06
  6.7701058e-06
  7.6622729e-07
  1.5715705e-05
 -4.3951577e-06
  7.0888891e-06
  3.6718942e-05
  1.9775906e-01
 -2.8951479e-06
 -5.5818629e-01
  4.7672816e-06
 -3.0436290e-06
 -1.2658129e-06
 -5.4254377e-01
 -9.9824410e-07
 -1.4616088e-06
 -9.3118584e-01
 -9.1190614e-06
  3.9282804e-07
  1.8431006e-06
  4.1484863e-02
  1.9811616e-06
  9.9776551e-02
  6.0420707e-02
 -4.7925405e-05
 -3.2970147e-06
 -3.4082850e-06
 -9.5138176e-07
 -3.4095669e-05
  4.1233450e-01
  1.4278667e-01
 -8.4318483e-01
  5.7223729e-06
 -1.0669360e-06
  2.6078171e-01
  1.5207042e-05
 -5.0223375e-06
  2.4335036e-06
  6.6262102e-01
 -1.2183713e-05
 -7.8089834e-06
 -3.7844927e-07
  1.9711126e-06
 -1.4929296e-05
  2.5567365e-06
  5.7989419e-06
 -3.1706309e-06
  1.2670749e+00
 -5.7042491e-01
 -6.9949688e-06
  2.2389961e-05
  5.4798661e-06
 -1.6387796e-01
  2.1644333e-05
 -5.1525994e-06
 -6.2435072e-07
  8.2456961e-07
 -1.3901626e+00
  2.2553037e-05
 -1.0171202e+00
 -3.8373673e-06
  6.9107800e-06
 -2.8979802e-01
  7.4453688e-01
 -6.1664434e-07
 -1.7344273e-06
 -1.8450682e+00
  3.1859624e-01
  6.8504246e-06
 -4.7103936e-06
  7.4881470e-01
 -7.1473178e-06
 -2.5741991e-01
  7.3543262e-01
  3.3917615e-01
 -3.4843231e-06
 -3.2237267e-06
  3.2167828e+00
 -1.9211072e-01
  5.6747383e-01
  5.0616354e-01
 -1.2685229e-01
  1.8127921e-01
  6.7568094e-01
 -6.6174865e-01
 -1.9774336e-01
 -5.7015961e-01
  5.7018173e-01
 -1.0000077e-01
  3.2083783e-01
 -5.2089030e-01
  2.6551831e-01
  2.8068003e-01
  6.8787628e-01
 -8.3844560e-01
 -1.0000350e-01
  1.4073086e-01
 -6.0728663e-01
  1.3196427e+00
 -1.4367977e+00
  1.9856967e-01
 -9.4779032e-01
  2.9198456e-01
  3.9354661e-01
  1.4180104e+00
 -1.5078162e+00
 -1.0000005e-01
 -1.3366556e+00
 -6.9623035e-01
  1.0000011e-01
  2.4283722e-01
 -1.1199517e+00
  8.0908388e-01
  1.4077993e-01
 -2.6866927e+00
  5.4295552e-01
  2.6346643e+00
  7.9855561e-01
 -1.4331130e+00
  5.1035196e-01
  3.2271379e-01
  7.4081051e-01
 -8.9911723e-01
  1.3141249e+00
  3.1845543e-01
 -5.8531433e-01
  4.2983773e-01
 -1.4015859e+00
 -5.2741551e-01
 -1.1816027e-01
  2.9842612e-01
  1.0000188e-01
 -5.3298074e-01
 -1.0000005e-01
  1.0000079e-01
  1.9819633e+00
 -1.2087199e-01
  5.2948040e-01
 -1.1046584e-01
 -7.0183128e-01
 -1.9776061e-01
 -8.3271289e-01
  1.0000007e-01
 -1.1667497e+00
  1.0000008e-01
  8.1102723e-01
  1.0000020e-01
 -1.2278913e+00
 -3.1519628e-01
  3.7703013e-01
 -2.5230676e-01
 -1.0174970e-01
  1.2836385e+00
 -2.2852212e-01
  4.3256256e-01
  7.9801047e-01
 -7.2960848e-01
 -1.0000134e-01
  1.9833124e-01
 -5.2620178e-01
 -7.6903677e-01
  1.3651959e+00
 -1.0293146e+00
 -1.1128441e+00
 -6.8584085e-01
  1.7084639e+00
  1.0000000e-01
  9.0706116e-01
 -1.6797299e+00
 -5.7107806e-01
  1.5935446e+00
 -2.3301537e+00
  1.7653462e+00
  1.6287310e+00
  5.8830124e-01
  3.5684252e-01
 -1.3412355e+00
 -1.8906298e-01
 -1.0000001e-01
 -4.9539271e-01
  1.0143341e+00
  2.4110144e-01
  5.0524408e-01
  1.3595852e+00
 -8.4197831e-01
 -1.0594354e+00
  1.3825736e+00
 -1.0001361e-01
  3.2077012e+00
 -5.4005629e-01
  1.3323516e+00
 -1.9238052e+00
 -1.0000034e-01
 -3.4788650e-01
  2.0806721e-01
 -1.3460721e+00
  1.0695206e-01
 -2.6955903e+00
  1.0000014e-01
 -4.3703762e-01
  1.0000020e-01
 -4.7023305e-01
 -6.2296772e-01
 -9.9454147e-01
 -6.7758852e-01
  5.3306288e-01
  9.6509457e-01
  4.0471613e-01
  1.0546014e+00
 -9.4627309e-01
  1.4555877e+00
  3.0719519e-01
  1.1240748e-01
  2.1361163e-01
  1.2152712e+00
 -2.9405992e+00
 -1.7302699e-01
 -1.3245223e+00
  1.0000011e-01
  1.0000005e-01
 -9.6578723e-01
 -1.0000004e-01
  2.3929352e-01
 -1.0000765e-01
  7.0461339e-01
  1.1621162e-01
 -1.4726899e+00
  1.5135113e+00
  1.0021684e-01
  1.1217135e+00
  5.5058658e-01
 -9.8527747e-01
  1.0000727e-01
  1.4294412e+00
 -1.2025063e+00
 -2.0815380e+00
 -7.1873367e-01
  5.7619768e-01
  1.1653413e+00
 -3.2514384e-01
  1.5044323e-01
  1.5044323e-01
  1.5044323e-01
  1.5044323e-01
  1.5044323e-01
  1.5044323e-01
  1.5044323e-01
  1.5044323e-01
  1.5044323e-01
  6.0528237e-01
  6.0528237e-01
  6.0528237e-01
  6.0528237e-01
  6.0528237e-01
  6.0528237e-01
  6.0528237e-01
  6.0528237e-01
  6.0528237e-01
  2.6198691e-01
  2.6198691e-01
  2.6198691e-01
  2.6198691e-01
  2.6198691e-01
  2.6198691e-01
  2.6198691e-01
  2.6198691e-01
  2.6198691e-01
  4.5670863e-02
  4.5670863e-02
  4.5670863e-02
  4.5670863e-02
  4.5670863e-02
  4.5670863e-02
  4.5670863e-02
  4.5670863e-02
  4.5670863e-02
  3.6709476e-02
  3.6709476e-02
  3.6709476e-02
  3.6709476e-02
  3.6709476e-02
  3.6709476e-02
  3.6709476e-02
  3.6709476e-02
  3.6709476e-02
  5.7407731e-01
  5.7407731e-01
  5.7407731e-01
  5.7407731e-01
  5.7407731e-01
  5.7407731e-01
  5.7407731e-01
  5.7407731e-01
  5.7407731e-01
