nep4 2 Te Pb 
cutoff 8 4 80 10
n_max 4 4
basis_size 12 12
l_max 4 2 0
ANN 30 0
 -1.4072363e-01
  1.5027909e+00
  1.0645809e+00
  1.8942686e+00
  8.7446207e-01
  5.7872587e-01
 -3.9354235e-01
  6.6496253e-01
 -2.5898114e-01
 -3.8450161e-01
  7.8236848e-02
  1.2523496e-01
 -1.6677102e-01
 -5.3006083e-02
  9.3572848e-02
  3.2796556e-04
  8.4709662e-01
  1.5175603e-02
 -4.4249395e-01
 -7.0235372e-01
  2.4195788e-05
  1.0333673e+00
  3.4528407e-01
  2.5803339e-02
 -5.5013412e-01
 -1.6686849e-04
  1.1651974e-01
 -5.3664174e-02
  1.0787146e-03
  7.1418114e-02
 -1.1653966e-01
  2.4229728e-01
 -6.8127793e-01
 -3.5786951e-01
 -9.3327230e-03
 -2.1950070e-06
 -2.4757715e-05
 -1.8403390e-02
  1.1417731e-04
 -2.7812732e-05
  4.4985019e-05
  9.3055845e-05
 -1.6525397e-03
 -3.7893289e-05
 -1.1841454e-04
 -1.2125921e-04
 -1.1626789e-04
 -2.6185718e-01
  7.9610327e-05
  7.1353288e-06
 -1.9789897e-04
 -2.9212020e-02
 -4.2881729e-05
 -1.1770600e-02
 -1.0387631e-04
  2.2224169e-05
 -5.1867275e-05
  5.0302773e-05
  6.5608874e-05
  3.2826071e-04
 -5.6932122e-01
  2.0285599e-01
 -5.9170282e-01
  1.3755689e+00
 -1.0313922e-01
 -2.2144170e-04
 -2.1125875e-01
 -3.7083823e-02
 -4.1432643e-01
  2.5047517e-01
 -5.6525500e-05
 -5.7597387e-01
  5.2592759e-06
 -1.3676801e-05
 -2.0945533e-01
  8.0006766e-06
  1.2712734e-02
 -7.4963975e-01
 -1.5018248e-02
  3.7511200e-01
  1.2790282e-04
 -5.4429311e-01
  3.0142626e-05
  2.2498448e-06
 -1.4219657e-01
  6.0740436e-05
  2.9009754e-05
  6.6602573e-05
 -2.6225578e-06
 -2.3954395e-02
 -4.4371730e-01
 -4.7151774e-01
 -4.4134089e-01
  1.5402254e+00
 -1.3007338e+00
  1.0988632e-04
 -7.1737342e-02
 -2.5260094e-01
 -2.6874430e-04
  7.3529363e-02
  9.5184849e-05
 -9.8368043e-01
 -8.0381282e-02
 -3.2642359e-01
 -2.6818958e-01
 -1.2380914e-05
 -1.5490799e-02
 -1.3592716e-01
 -7.6231129e-02
 -7.0552429e-05
  2.0032649e-05
 -2.0766519e-01
 -1.2234525e-01
 -2.2583646e-01
 -1.1301248e+00
  4.7845155e-05
  3.8048838e-05
  2.3057024e-05
 -7.3135430e-05
  1.5438772e-03
 -5.1554837e-03
 -2.3600580e-01
 -2.8869113e-01
  7.0730159e-05
 -2.4195277e-04
  4.1308260e-05
 -2.3732107e-05
 -7.3187948e-05
 -6.5600329e-06
 -3.3671872e-06
  1.6152249e-05
  1.5630096e-05
 -8.9133981e-05
  1.1605421e-05
  4.3301523e-05
 -1.0380962e-04
  4.2452131e-04
 -9.2409849e-05
  1.2140437e-05
  1.3206190e-04
  1.4238841e-04
  2.0133080e-05
  7.6692709e-07
 -1.0300260e-04
 -2.4846589e-05
 -4.2266845e-05
 -2.1412242e-04
 -8.2443315e-05
 -1.3359650e-06
  3.0787392e-05
 -6.9289505e-05
  3.0963729e-06
  6.7521039e-05
  4.2498545e-05
  1.0573920e-04
  3.5762099e-05
  8.6186492e-06
 -7.6285469e-06
  3.3668264e-05
 -2.3771240e-06
  3.6405505e-05
  6.1521987e-06
 -5.3819043e-05
 -1.4941613e-04
 -4.1332860e-06
  4.1704780e-06
 -5.3046360e-06
 -7.2367009e-05
 -3.3215500e-05
  1.7266402e-05
  2.7131427e-05
 -4.9510738e-05
  2.1084447e-06
 -1.6736527e-05
  1.0210422e-04
 -3.8174931e-05
 -5.1297986e-05
 -4.2203988e-05
  1.3918967e-04
  7.4547538e-06
  1.3366622e-01
 -3.3454219e-01
  2.7063364e-01
 -1.7541756e-01
  1.2079244e+00
  5.0148792e-05
 -1.5653996e-02
 -1.6675991e-04
  3.3359367e-05
 -9.3468189e-02
  9.6824579e-07
  2.3740190e-01
 -6.3657446e-04
 -3.1028676e-06
  1.9203559e-01
 -2.6018046e-05
  1.2809628e-04
  1.6589076e-05
 -1.0350981e-04
  5.4924865e-05
  8.1057806e-08
 -2.1760810e-05
 -9.8131219e-05
 -7.8480471e-06
 -9.4219213e-05
 -3.6895221e-05
  3.5864228e-05
  1.4005970e-04
 -7.6902121e-05
 -3.3929336e-06
  1.6338043e-04
  8.2855026e-05
  2.7017966e-01
  1.1818230e-05
  1.6797099e-05
 -2.3335097e-05
  1.3974712e-04
  1.7884205e-04
 -1.5779673e-04
  5.6159870e-06
 -1.2834398e-04
 -2.0091998e-04
 -8.6943091e-06
  2.6735139e-05
 -4.6208770e-05
 -1.9704970e-05
 -7.2174851e-05
  1.8531169e-05
  1.3790998e-05
  7.1041271e-05
  1.0388878e-05
  2.2107579e-05
  1.6736252e-05
  1.7638873e-05
 -1.0490548e-06
  1.0784217e-05
 -3.0320649e-05
  2.6533782e-05
 -1.1057699e-05
 -1.0618585e-04
  7.3811494e-02
 -2.4234703e-02
 -9.9254018e-03
  7.4837700e-04
 -2.4872328e-01
 -6.0642316e-05
 -8.5282151e-04
 -8.0165511e-05
 -2.4786608e-05
 -1.5351868e-01
  1.2584506e-04
  4.2676985e-02
  8.4474150e-06
  1.2913374e-04
  2.1241375e-04
  1.0219756e-04
  1.1043078e-01
 -1.0009717e-04
 -3.9906586e-06
  1.5118553e-01
 -2.7926506e-05
  3.5860085e-01
  1.1052613e-05
 -1.4190928e-05
 -1.6937478e-01
  1.8583311e-05
 -1.2815810e-05
  1.9038202e-07
  4.2842935e-06
 -5.5319961e-06
 -7.6122150e-02
 -5.5340860e-02
 -5.5696789e-02
  7.9382455e-01
  4.6295375e-01
  4.5241761e-01
  1.3738450e-01
 -1.8724599e-03
  6.3848895e-01
  4.2262340e-01
  1.3004223e-01
  7.8321442e-02
 -4.5826386e-05
 -3.8826976e-02
  1.7077132e-01
  3.2495701e-04
  9.8787136e-02
 -2.6214182e-01
 -6.5740510e-03
  4.8533386e-01
  4.1475319e-05
 -2.7342546e-06
 -8.0215978e-05
 -1.0829999e-03
  4.0224828e-02
 -1.0223845e-04
  5.9578847e-02
 -4.7224606e-04
  6.9828692e-04
  2.2942579e-01
 -1.3109066e+00
  7.6705331e-01
  3.4828943e-01
 -1.6129721e-04
 -4.1296229e-01
  1.3638128e-05
  5.3748455e-02
  1.2969943e-04
 -5.3371263e-05
  1.0024320e-04
 -5.0241812e-05
 -1.8367041e-02
 -1.6661911e-04
  2.8833261e-05
 -1.9801186e-05
  6.4270702e-05
  1.6052368e-04
  1.8790671e-04
  4.7552738e-05
  9.6435382e-05
 -9.9999324e-06
 -5.6551173e-05
 -1.2742348e-05
  2.4662777e-06
  1.7569947e-01
  1.0574689e-05
  2.4273068e-05
  4.5396635e-05
 -7.0919756e-05
 -1.0426314e-05
  6.7518031e-06
 -7.0197566e-05
  1.1859200e-05
  2.7573517e-06
 -1.7647234e-04
  7.3664260e-06
  8.4536987e-06
 -4.4508695e-05
 -4.5927009e-05
 -1.7653349e-04
  8.7815883e-05
 -1.8248178e-05
 -2.6444510e-05
  8.3287350e-06
 -7.7911973e-05
  1.6602917e-04
 -2.6402755e-05
  4.1536376e-05
  4.0626714e-05
  4.2685755e-05
  4.5520530e-05
 -1.0142254e-05
 -1.2161896e-05
  3.9193263e-05
 -2.1152371e-06
 -1.0124845e-04
  1.5766171e-05
 -1.3859251e-04
  5.6712939e-05
 -2.2295309e-05
 -1.2759559e-04
  3.2920236e-06
  1.7770835e-05
  3.9094877e-05
  6.2339808e-05
  3.2006378e-06
 -8.7019107e-06
 -2.1472233e-05
 -2.7633330e-05
 -3.6167268e-05
 -8.4242805e-05
  6.6087392e-05
  3.5258481e-06
 -3.1941032e-05
  2.5752504e-05
  1.2643011e-04
 -4.0585317e-05
 -4.7745740e-05
 -5.6775575e-06
  1.1851331e-05
  2.0719213e-05
  2.0865054e-05
 -1.4784058e-05
  6.9757727e-05
 -1.7226565e-04
  2.9013456e-05
  4.0060841e-05
 -4.5306074e-06
 -2.5211259e-06
 -2.5233612e-06
 -2.1200748e-01
  1.4557879e-01
  3.3510648e-02
 -1.5113993e-04
 -1.3783688e-03
 -3.8816552e-06
 -5.8068694e-05
 -3.4633158e-05
 -1.0713838e-04
  3.0566316e-02
 -7.6629891e-05
 -1.7916074e-02
  6.9325637e-05
  4.8498983e-05
 -2.3557608e-04
 -9.4807101e-06
 -5.4563876e-02
  3.9884242e-05
 -2.0638487e-05
 -4.6763063e-04
  3.6024729e-05
  9.9212986e-05
 -6.1264902e-05
  1.4255628e-04
  1.0539131e-04
  1.1683757e-04
  3.2206510e-05
  1.5178385e-05
  5.7047646e-06
  8.7528279e-06
 -7.2266710e-01
  1.5252267e+00
  5.5711007e-01
 -1.4763034e-04
 -2.2312773e-04
 -2.6170375e-05
  8.9144567e-05
 -7.0568371e-05
  1.9777051e-06
 -5.5965455e-05
  1.2911519e-04
  4.3035943e-05
 -3.1938936e-04
  1.4731122e-05
  7.7765592e-04
 -3.6053108e-05
  8.5533111e-06
 -8.6344170e-07
  2.2113736e-06
 -6.3075640e-07
 -7.1387483e-05
  3.4957129e-01
  2.5928489e-04
  1.1573056e-04
 -5.3908092e-01
 -2.3030204e-06
  5.1153693e-05
  4.3660653e-05
  1.4484834e-05
  2.8550399e-05
 -4.3878105e-01
  6.8693407e-05
 -8.7016080e-05
 -4.5204673e-05
  1.2824225e-04
  1.8820370e-05
  1.6659997e-04
 -1.2134766e-05
  8.0733444e-05
  5.9830501e-05
  9.4021241e-05
 -1.0669637e-04
 -5.2888077e-05
 -1.1521406e-05
 -3.8143513e-05
 -2.6674385e-05
 -1.3750023e-05
  1.1805014e-05
  3.9619299e-06
 -1.8576509e-04
 -1.1380605e-04
 -2.4309817e-05
  6.2032152e-05
 -1.0847174e-05
  4.4631306e-05
  3.0224155e-06
  5.3442094e-05
  6.1202772e-05
 -1.0344454e-05
  3.0549927e-09
  3.8833398e-04
  1.2133582e-05
  8.3724226e-06
  2.7619946e-05
  1.4512647e-04
 -4.4654640e-05
  4.7264035e-05
 -7.3386836e-05
 -3.1388048e-05
  1.1772971e-04
  4.5359629e-05
 -3.6051373e-05
  4.2894101e-08
  1.0795555e-04
  5.4348634e-06
  3.3849985e-06
 -4.4378030e-06
  2.7032665e-05
  5.3159714e-05
  1.0195978e-05
 -4.9571980e-05
  4.0064660e-05
  3.0134093e-05
  7.0144956e-06
  9.6282383e-05
  2.3717854e-05
  1.5127711e-05
 -5.7465099e-05
 -5.4326058e-05
 -9.6696767e-06
  2.4430884e-02
 -1.0918974e-01
  1.4267083e-01
 -2.4978197e-03
  4.8094217e-04
 -1.0006198e-03
 -2.1575578e-01
  1.0930803e+00
 -4.3171096e-01
  4.0042348e-02
  1.0096280e-04
 -3.7462023e-01
  4.1580086e-05
  1.5919482e-02
 -2.8830825e-04
 -1.2410772e-05
 -3.6092553e-01
  2.4854067e-05
  3.0909316e-05
 -1.3182336e-01
 -3.0482704e-05
 -2.9492632e-01
 -1.7082600e-04
  3.1456188e-05
  2.5171879e-01
  2.1141539e-05
 -8.3948471e-05
 -2.2410112e-04
 -3.4495755e-05
 -7.7285251e-04
 -4.4564695e-05
 -6.7520858e-05
 -1.4915287e-04
 -1.4613564e-05
 -1.0501954e-04
  2.8995308e-05
  2.2056363e-05
 -8.5497908e-05
 -1.7831069e-04
  1.1646638e-05
 -6.2193249e-05
  1.2399601e-05
  4.2842672e-05
 -1.7219778e-05
 -2.0361893e-05
  2.6942596e-05
 -4.0739917e-05
 -4.7673457e-05
 -8.7184097e-05
  1.1413435e-05
 -3.6357122e-07
  3.0357409e-05
 -5.8683399e-05
  4.2241190e-05
 -1.3757254e-05
  1.1170684e-05
 -1.7422713e-05
  3.6320882e-05
  9.0023532e-05
  1.7641998e-04
 -1.4767541e-06
  6.5086089e-02
 -9.9963552e-05
 -1.4240557e-05
 -7.0345173e-05
 -8.3172839e-05
  1.5120400e-04
  1.4562547e-06
 -6.3798900e-05
  4.9792106e-06
 -4.8346279e-05
  1.0562617e-04
  1.1094004e-05
  3.0060583e-05
  3.3774144e-05
 -4.4350538e-05
 -1.0330117e-05
  4.9740684e-06
  5.3878517e-05
 -5.2452156e-06
 -8.8350407e-06
 -1.2594396e-04
  1.6224765e-05
 -4.5142315e-05
 -7.6869575e-05
 -4.5306359e-05
  7.2300703e-05
 -5.9074778e-06
  2.9675686e-05
 -3.6692356e-05
  1.7502300e-01
 -6.3263496e-07
  2.1603990e-01
 -1.7840772e-05
 -2.2724589e-05
 -9.4894422e-05
 -9.6408170e-05
  8.8603847e-05
 -1.3460837e-05
 -6.4913067e-05
  1.0772992e-05
 -1.5584477e-05
 -9.4958777e-06
  4.9190574e-05
  1.1490559e-04
 -1.0598434e-04
  4.5391374e-05
 -6.9850721e-05
  5.2285272e-05
 -8.1986058e-05
  1.8133022e-05
  8.9424248e-07
 -2.0122916e-05
  3.7764850e-05
 -6.0145853e-06
  7.3575895e-05
  2.3253240e-05
 -6.2041770e-05
 -9.5197669e-05
  3.5623903e-05
  1.0447243e+00
 -1.1910111e+00
 -1.6125392e+00
 -2.3874485e+00
 -9.6754521e-01
 -2.5609577e-05
 -1.6798896e+00
 -1.0137022e-01
  7.8892857e-02
 -4.7039500e-01
  1.0737447e-04
 -3.4628022e-02
 -1.2681554e-01
 -5.1262876e-05
 -4.4559249e-01
  3.4332697e-05
  1.3389668e-01
 -4.2548506e-03
  2.7199563e-01
  3.2831505e-02
  9.9285680e-06
 -5.3051686e-01
 -2.9360451e-04
 -4.3313509e-01
  2.3893199e+00
 -2.8460807e-05
 -2.0039055e-05
  3.0069832e-05
 -1.6551775e-04
  1.0401854e-01
 -1.3179848e+00
  1.0959065e+00
  1.5606203e+00
 -8.5782580e-05
  1.0650840e+00
  4.4675617e-05
  6.8227082e-02
  5.6357867e-01
 -5.7218093e-03
 -4.4779074e-03
 -1.3863647e-04
 -6.0643833e-02
  2.3093155e-05
  9.2934846e-05
  2.4070188e-05
  7.2194707e-06
 -2.2260902e-02
  3.1840229e-01
  8.0114740e-05
  4.7511917e-01
  2.1496175e-05
  2.3350635e-01
  1.9686918e-04
  3.7893271e-01
 -1.0512007e+00
 -4.2496766e-05
 -2.1289274e-04
  5.8136007e-05
 -2.1567281e-05
 -3.5618767e-04
 -1.1477779e+00
  1.5272182e+00
  6.9631651e-02
  1.9020524e-02
  7.8627616e-01
 -8.5786055e-04
  6.7705967e-02
 -3.7118528e-02
  7.7816207e-05
  9.6562058e-02
 -4.6945217e-05
 -1.5936368e+00
 -7.7122897e-02
 -6.4672506e-04
 -5.5609846e-01
 -9.5236799e-05
 -1.5994255e-01
  7.5357191e-02
 -3.8421422e-05
 -2.2898505e-05
 -2.5882753e-05
  1.5537503e-04
 -7.7215838e-05
  1.9949570e-05
  2.8107771e-01
  2.4699926e-05
 -5.2394531e-05
  6.9682894e-05
 -7.9315985e-05
 -1.9347899e-05
  3.9585751e-02
 -1.6831728e+00
 -2.5071824e-01
 -1.9588589e-04
  9.1524459e-02
 -1.1833248e-05
  1.1221683e-05
  8.2209963e-06
 -5.4019114e-05
 -6.4873745e-08
  6.4501139e-05
 -7.6858894e-05
  7.2397973e-04
 -7.4006057e-05
 -8.4551889e-03
 -4.2475040e-05
  3.7256753e-01
  2.7341548e-02
  8.7397192e-03
  1.9877966e-01
 -3.9511920e-05
 -3.7965715e-06
 -1.1991697e-05
 -4.7541682e-05
  1.8339636e-04
  3.1169053e-05
 -2.2773165e-05
 -1.4055337e-04
  3.1567361e-05
  5.3081494e-06
  6.1417569e-04
  1.3073545e-04
 -1.5427708e-05
 -2.4753046e-04
  4.4784156e-05
 -1.6482261e-05
 -9.2161543e-05
 -8.0398349e-06
 -5.6523506e-05
 -5.5521567e-05
 -4.1758511e-05
 -4.8126367e-06
  7.4681680e-05
 -2.1864746e-05
  3.7804384e-05
  1.4316211e-05
 -3.0535964e-05
  8.1107915e-05
  4.1208896e-05
 -1.0360403e-04
  1.5308418e-04
  1.0473024e-04
 -4.0752329e-05
 -1.1328657e-04
 -1.7003726e-05
  8.4088415e-06
  1.5930143e-05
 -9.9485434e-05
  1.5256621e-05
  3.6806272e-05
 -3.5966003e-01
 -4.1977185e-01
 -1.6142727e+00
  2.6554513e-01
  9.4490461e-02
 -2.4299303e-05
 -4.6278955e-03
  9.7665863e-05
 -1.3363961e-05
 -4.4436565e-05
  7.5736127e-05
  2.1011189e-03
 -1.1324702e-04
  1.6421856e-05
  5.6623493e-04
  3.6699970e-05
  2.6527965e-01
 -5.5511446e-05
  1.0397742e-04
  1.3950965e-01
 -7.9902973e-05
 -1.2635064e-07
  3.2592656e-05
 -4.9665869e-05
 -1.9848529e-02
  2.0304116e-05
  1.2019090e-04
 -5.6415311e-06
 -6.7228662e-05
  6.6336863e-05
  4.9639857e-05
  4.7568823e-04
  4.7490730e-06
 -5.6992514e-05
  5.4678654e-05
 -1.6274667e-05
  4.3646702e-05
 -7.2722351e-06
  2.9891103e-06
  2.1339138e-05
  4.7226509e-05
 -1.3580310e-05
  5.4765907e-05
 -5.5527315e-05
  1.3972121e-05
 -1.2856369e-05
 -2.1103664e-05
  4.0286577e-05
 -3.1535274e-05
  1.2124339e-05
  5.8360911e-05
 -5.3878703e-06
 -9.3800445e-05
 -4.1771455e-06
 -3.0613726e-04
 -1.3595165e-05
  1.2144911e-04
 -3.6344212e-05
  4.4531473e-05
  3.2341362e-05
 -8.3533159e-05
 -9.2009956e-05
  5.2032381e-05
 -3.4473745e-05
  1.9404706e-05
 -1.2635939e-05
 -2.0660298e-05
 -1.8173085e-05
  7.1601062e-07
  1.0779920e-05
  9.5018382e-05
 -7.0560673e-06
 -4.0913264e-06
 -2.7463532e-06
 -6.7243258e-05
 -6.7656442e-06
  2.7190248e-05
  3.7721082e-05
 -4.2781572e-05
 -2.1944620e-06
  3.5983001e-05
  2.2537801e-05
 -8.1494843e-05
 -8.4398060e-05
  1.5326502e-04
 -1.4758219e-04
 -2.8983663e-06
  6.9933944e-06
 -7.8634548e-06
  1.0273183e-05
 -1.3152845e-04
  2.1367608e-05
  1.0112223e-04
  3.7619062e-05
  1.2297773e-04
  8.3810191e-06
  1.5386493e-05
  6.7485271e-05
 -5.8205958e-05
  4.7943548e-05
  7.5176331e-07
  7.1765491e-05
 -5.2594027e-05
 -1.9168643e-05
 -4.4660286e-05
  2.0664182e-04
  5.6748642e-05
 -3.4605494e-06
  3.1970700e-05
  1.9922451e-05
 -2.6713262e-05
 -4.3037988e-05
  2.6627811e-05
 -2.3008070e-05
  9.3491308e-06
  7.3339356e-06
 -8.9670757e-06
  3.6935751e-05
 -4.7270441e-05
 -4.5158326e-06
 -5.4403409e-02
 -2.8560740e-01
  4.3995878e-01
 -3.8468763e-02
  5.3733918e-05
 -8.4894964e-08
 -1.5708986e-03
  3.2899672e-05
 -1.1429007e-04
  4.1387925e-01
  8.4713802e-02
 -5.7557904e-06
  4.5202985e-05
 -3.5235786e-05
  3.4562382e-01
  5.1325856e-05
  1.3542204e-04
  1.0367556e-02
 -6.1971286e-06
  8.4940228e-05
  7.9409278e-05
  6.1640602e-01
 -2.5495070e-01
 -8.7430286e-01
  6.3666326e-01
  1.4299284e-05
 -9.4750881e-01
 -3.0089048e-05
 -1.0636593e-04
 -1.2738215e-04
  1.1090115e+00
  3.4023696e-01
 -8.3229607e-01
  4.4444761e-01
  1.7832777e-01
  3.3584074e-05
  2.5859529e-01
 -1.8089506e-01
  2.7751088e-01
  7.9731095e-01
 -1.6398743e-01
 -5.5084256e-05
  3.9723920e-05
 -2.4978669e-01
  6.1795390e-01
 -7.6352149e-02
 -7.6249984e-05
 -4.9351659e-01
  5.6494445e-02
 -1.6630087e-05
 -6.6442519e-02
  7.1198714e-01
 -3.8589486e-01
 -3.2785049e-01
 -5.1532489e-01
 -1.9096743e-04
  2.5953943e-01
 -1.8677088e-04
 -2.4712543e-04
 -2.7823422e-04
  4.4503347e-05
  5.3900254e-05
 -1.9623478e-05
  2.4381127e-02
 -3.0505844e-06
  1.6946859e-05
  1.0425914e-05
 -1.6462140e-05
  2.1725928e-05
 -1.1454447e-05
  1.3139458e-04
  8.3780724e-06
  6.8194922e-06
 -6.3878115e-06
 -6.5677908e-05
 -7.2503990e-06
  4.5103941e-05
 -6.7302375e-05
 -3.5678022e-07
 -7.2917544e-05
 -1.3387502e-05
 -4.8946411e-05
  6.1601102e-05
  3.5973877e-05
 -1.9352598e-05
 -8.9428449e-06
  1.5197666e-05
 -4.6585334e-05
 -1.2083256e-04
 -9.0734487e-05
 -6.8645918e-01
  1.1530352e+00
 -3.0680296e-01
 -6.8638977e-03
 -1.1488882e-01
  3.5564663e-05
  6.1891198e-02
  5.1904644e-06
  1.1718868e-04
  2.8342733e-06
  1.0839688e+00
  7.0986986e-02
 -4.4222248e-05
  1.6191741e-05
  2.2381251e-01
 -5.3777230e-01
 -4.5698532e-03
 -1.6019774e-04
  4.9328784e-05
 -1.8885339e-06
  1.3530287e-01
  4.9941048e-02
  1.2280926e-04
 -5.1599559e-06
  4.8063967e-01
 -2.6494890e-05
 -1.7914290e-06
 -3.1252807e-06
 -5.7813941e-06
  2.1811004e-06
  9.3525422e-01
 -1.5771486e-02
  1.0989513e+00
 -7.0683271e-01
 -1.1544791e+00
  6.5574235e-01
 -6.3091918e-04
 -3.2535340e-06
 -9.8375087e-05
 -5.5421915e-05
 -3.3133805e-01
 -7.7450633e-01
  8.8261237e-05
 -4.2009502e-04
 -3.8583356e-01
 -3.4610860e-02
 -8.5646532e-02
 -9.6760588e-03
  8.4389845e-05
 -2.3110561e-01
  1.0052947e+00
 -1.1322814e-03
  2.1532052e-05
 -1.2976572e-05
  1.7897944e-05
 -2.7343698e-03
 -6.4355575e-02
  3.3492175e-05
  1.6766553e-05
 -2.0777230e-04
  1.3264405e+00
  1.1526614e+00
 -1.7839584e-01
 -2.5889996e-02
  1.5410391e+00
  7.4052775e-01
  4.3813708e-01
  2.5989782e-05
 -3.8912322e-06
 -3.3975489e-02
 -1.4909099e+00
 -5.0695109e-01
  1.2754456e-05
 -2.0676739e-06
 -1.4878811e-01
  4.5784912e-01
  2.1186335e-01
 -1.0511153e-05
 -6.2920799e-06
  4.0604802e-05
 -6.5830449e-05
  4.7479785e-05
  4.7925925e-01
 -2.9348672e-05
 -1.6156675e-02
 -8.1330127e-06
  2.3591430e-05
 -3.0713854e-05
 -9.8471835e-05
  1.3341865e-04
 -1.3060952e-02
  2.7521577e-01
 -3.2127139e-01
 -3.5448393e-01
  2.9401141e-01
 -6.9788277e-01
 -7.4350983e-01
 -4.9546114e-03
  5.1501304e-01
 -1.0126200e-02
  7.5083412e-02
  3.8934070e-01
 -7.7599674e-02
  5.7173562e-05
 -1.9602345e-03
  3.5505629e-01
  1.4495183e+00
  1.2360202e+00
  5.8648340e-05
 -1.5809266e-01
 -2.0287364e+00
  2.6640425e+00
  1.5134650e+00
 -6.7628993e-05
  2.5903493e-01
 -2.4428917e-01
  2.9878130e-02
  4.9056653e-02
 -3.1428477e-05
 -4.5011040e-02
  7.7661434e-06
 -4.8863360e-05
 -2.3041343e-05
 -7.9099527e-06
  3.4710320e-05
 -4.0372188e-06
  1.2010078e-05
  3.1648018e-05
 -1.7650798e-05
  5.3229778e-05
 -8.4714251e-05
  2.0349882e-05
  5.8841092e-06
  2.9819803e-06
  1.7255879e-05
 -1.7294338e-06
  1.2846973e-05
  4.7797061e-05
  1.0920250e-04
  5.3168005e-05
  9.9792005e-06
  1.0318107e-04
 -6.0472874e-05
 -1.4434375e-04
 -8.4014639e-05
  1.4078746e-05
  4.5572117e-05
 -5.4905548e-05
 -3.6104066e-05
 -9.2034505e-05
  1.7556676e-01
  8.5549109e-02
 -9.9577636e-01
 -4.5425490e-01
 -7.9929566e-01
 -6.7402422e-01
 -9.5784688e-01
 -4.8121114e-05
 -2.9780049e-06
 -2.4720290e-01
 -5.8209658e-01
 -6.5549612e-01
 -1.6248580e-04
 -1.3866385e-04
 -4.6264421e-02
  1.3619809e-01
 -4.4941935e-03
  1.3975641e-01
  2.2461408e-04
  6.9487304e-04
  3.9836088e-01
 -1.8370108e-04
  1.5824954e-01
  1.3300734e-05
 -5.9391359e-06
 -6.2853585e-05
  1.1923632e-05
  4.4194636e-05
  7.4269316e-05
 -9.0420126e-06
  2.9462755e-02
 -2.2017169e-03
  5.8062490e-02
  6.4482633e-03
  1.6042136e-01
 -2.3237146e-04
 -4.2843395e-01
 -1.0349657e-05
 -1.7809469e-04
  6.8590154e-05
  7.9863610e-05
 -1.5933109e-04
 -7.7827176e-04
  1.4474802e-04
  1.2486544e-04
 -5.0725020e-04
 -1.4863338e-01
 -4.7783098e-05
 -2.1817893e-04
 -3.6574879e-03
  4.5814741e-06
  1.3716503e-05
 -2.5221288e-02
  1.2488939e-05
 -2.3373490e-05
  8.8949950e-05
 -1.8277193e-05
  1.1026380e-05
  7.7261102e-05
  5.7057012e-05
  4.5280117e-03
  7.8899181e-01
  9.9342763e-01
 -7.0550255e-02
  6.8354762e-01
 -1.6061577e-01
 -2.7951241e-01
 -6.6980079e-05
 -1.8549534e-05
 -1.7951796e-03
 -8.0927757e-06
  3.9526360e-05
 -7.1074881e-02
  7.1597293e-05
  1.2222573e-06
 -7.6459706e-02
 -3.4623396e-01
  1.3801616e-04
 -2.8451302e-04
  4.8514496e-05
  1.7483866e-01
  2.6851752e-05
  4.0694973e-03
 -2.1537449e-05
  1.2851798e-04
 -2.1235287e-06
 -1.3806064e-05
  1.5123694e-05
  1.2162988e-04
 -2.7356162e-05
 -6.5454871e-05
  1.5970528e-01
 -6.5846805e-05
 -1.7675465e-03
 -9.0069720e-05
  2.1862077e-05
  3.4013012e-04
 -5.3843170e-05
  1.3430928e-05
  3.4394507e-05
  2.5551772e-05
 -2.8184273e-05
 -2.4592253e-05
 -1.7981802e-07
 -1.3451098e-04
  3.2204234e-06
 -3.6816215e-05
 -1.5082490e-05
 -3.2662032e-05
  3.1510295e-05
 -5.2445619e-05
 -3.1872669e-06
  4.3706965e-05
  2.3807839e-05
  3.2892443e-05
  2.8250173e-05
  4.8348746e-05
  1.0618224e-04
  3.9086830e-05
 -6.9886970e-05
 -3.7990863e-05
  1.5411011e-04
 -2.3512757e-05
 -1.3623638e-05
  2.4304520e-04
  3.0638072e-05
 -1.1919212e-05
 -1.8467608e-07
 -4.4917055e-05
 -4.2536419e-07
  2.6366524e-05
  5.5223514e-05
 -3.8083417e-05
  4.5125274e-05
  8.1670602e-05
  5.4917662e-05
 -2.2617192e-05
  8.6838307e-05
 -6.4218107e-06
  3.4830366e-05
 -1.9938410e-05
  4.0210216e-06
  4.8749924e-05
 -7.5499644e-05
  3.7283422e-05
  1.0328086e-04
  7.1945287e-05
 -1.8360446e-05
 -1.8537477e-04
 -2.1200196e-05
 -5.2766941e-06
  2.6006081e-05
  1.3733500e-04
  2.1318276e-04
 -1.8833892e-04
 -6.0736056e-06
  7.0913457e-06
 -4.9141327e-05
  4.0564235e-05
 -3.6963840e-05
 -1.0150809e-04
 -1.9264460e-05
 -2.0676252e-05
 -1.4932061e-04
 -5.5340639e-05
  1.5003176e-04
  7.5899979e-06
  1.2660418e-04
  5.6767012e-06
  4.0538966e-06
  6.1327271e-05
  4.0494622e-05
  3.8718335e-06
  2.4106877e-05
  8.7886016e-05
  2.4104784e-05
  3.1586180e-05
 -7.0828675e-05
  4.8781162e-06
  3.0255316e-05
 -2.4461953e-02
  3.2342996e-03
  5.1058608e-01
 -1.8887928e-01
  4.3544336e-03
 -2.5560594e-01
 -1.4309444e-01
 -3.4500181e-04
  7.5801072e-05
  4.5214998e-05
  1.1568310e-04
 -1.3164182e-04
 -6.1590530e-05
  5.2368079e-05
  3.3037268e-05
  8.4412013e-06
 -7.2295657e-06
  1.0545827e-04
  1.3217011e-05
  3.1802553e-04
 -1.7222001e-04
  8.3001742e-06
 -1.6261267e-05
 -4.8626800e-05
  8.9837355e-05
 -1.8240842e-03
  2.3482009e-05
  6.7620851e-05
  5.4883752e-05
  6.3494695e-06
  1.3472612e+00
  2.6723471e-01
  1.0667576e-02
  1.1975909e+00
 -1.5481663e+00
  2.5398689e-03
 -1.1708040e+00
  8.1434317e-02
 -1.2231605e-04
 -1.3687066e-02
  7.2274369e-01
  2.5104802e-02
  1.0292750e-04
 -2.5191588e-05
 -6.0589291e-04
  6.4271217e-07
 -9.4905365e-01
  1.6810786e-04
 -3.0833085e-05
 -7.0388289e-04
 -1.5537661e-02
 -2.7243987e-01
 -3.4341618e-01
  2.8493498e-05
  7.4197087e-06
  5.3403102e-05
  3.6967511e-05
 -8.9311776e-05
  9.9052595e-05
 -2.3778794e-04
  1.1612441e-04
  3.4818077e-06
  1.3582037e-05
 -9.0262547e-05
  7.4409414e-05
  5.6882123e-05
  6.5830582e-06
  5.0012794e-05
  1.7017810e-05
 -6.3326195e-05
  2.1653961e-04
  4.9195478e-05
  7.4082091e-05
 -2.1447950e-05
 -9.8294164e-05
 -4.7388410e-05
  1.6966139e-04
  1.3049234e-04
 -1.8532095e-05
 -4.3690627e-05
 -7.0066526e-05
 -7.2235620e-05
 -1.0481178e-04
  1.5311942e-05
  3.1770312e-05
  4.5549905e-06
 -7.1198278e-06
 -4.4708522e-06
  1.0007138e-05
 -1.1235261e-07
 -8.9339679e-05
 -1.1829097e-04
  6.3794332e-06
  8.0365302e-05
  1.0972853e-06
 -2.9152501e-05
 -1.1309180e-05
 -9.8083226e-05
 -6.8909831e-05
  9.3755407e-05
  5.3262072e-05
  3.1486175e-05
 -3.5240784e-05
 -7.1538525e-05
  2.3900595e-05
 -4.4058208e-05
  1.7836690e-05
  7.9850317e-05
  1.5684433e-05
  2.8150087e-05
  5.1655628e-05
 -7.8959878e-05
 -2.2467217e-05
  4.0246450e-05
  3.7636992e-06
 -2.2801411e-05
  3.3035474e-05
  8.2167189e-06
  2.4302408e-05
  1.0210713e-04
 -4.4708737e-05
  3.6332282e-04
 -1.8803740e-02
 -9.3512751e-02
 -8.8414236e-04
 -2.1537406e-05
  1.1328591e-03
  4.2375657e-05
  1.6711834e-04
 -5.1191186e-05
  1.4374021e-05
 -8.6067950e-05
 -1.9691484e-04
  1.8630932e-05
  2.7597266e-06
  1.8380833e-04
  8.8846637e-06
  1.0472253e-04
  3.4238339e-05
  6.6002787e-05
 -1.0716554e-05
  1.8478500e-05
  2.0016687e-06
  2.6361300e-05
 -2.8586021e-05
 -1.4572681e-04
 -3.4041521e-05
 -1.2178005e-05
 -2.9608231e-05
  2.7916793e-05
  3.6919173e-06
  7.8913324e-02
 -1.7769007e-01
 -1.6539018e-01
 -9.7291686e-02
  5.0855502e-05
  7.6888576e-02
 -1.2119902e-04
  5.4829899e-05
  8.2769475e-08
 -2.8104629e-05
 -1.0128570e-05
 -9.8475168e-05
 -1.6478254e-05
  3.4282697e-05
 -1.7182349e-05
 -2.7809176e-05
  1.2477441e-04
  5.2301366e-05
  5.6893596e-06
 -1.0755975e-04
  3.5930967e-05
  7.9706777e-05
 -8.7919980e-05
 -5.3285039e-05
 -6.3197795e-06
 -1.0609938e-05
  2.2991555e-05
  8.4375529e-09
  1.8174507e-05
 -1.4494103e-04
 -2.3677931e-05
 -3.0971378e-01
 -3.3551854e-01
 -1.6431186e-01
  1.1196641e-04
  9.9612524e-05
  6.3843450e-05
  6.0172966e-05
 -9.2439004e-06
  6.3487481e-05
  2.2735683e-05
 -2.6149955e-06
 -6.3704894e-05
 -3.5933099e-05
 -5.2995756e-06
 -3.7959086e-05
 -4.6521192e-05
  8.7881817e-06
  2.2835051e-05
 -9.1904847e-05
  9.7283562e-05
 -4.5347504e-05
 -4.1507243e-05
 -2.2576807e-05
  2.6608068e-06
 -7.4156524e-05
 -2.1112669e-07
  2.9479223e-05
 -3.1688960e-06
 -1.6436636e-04
 -6.0369581e-05
  3.6870741e-05
  3.8327948e-05
  1.2875595e-05
 -3.8688555e-05
 -7.6884040e-05
 -1.5749012e-05
 -2.6527745e-05
  1.1126526e-05
 -1.7477721e-05
 -2.0782756e-05
 -8.1537473e-06
  1.0573435e-05
 -1.7687780e-05
  1.2517726e-05
  2.2974172e-04
 -2.4628625e-05
  8.5237873e-05
  1.2249876e-04
 -9.4911207e-05
  8.0680700e-05
  4.8873622e-05
 -5.4485299e-05
  3.4805121e-06
  5.1065963e-05
  6.6593086e-05
 -2.0891220e-04
  1.4210698e-04
  1.6802701e-06
 -5.7902880e-04
  2.7908748e-02
 -9.6417116e-03
 -3.3905458e-02
 -2.3711983e-02
 -1.3426119e-04
  4.8853812e-01
 -1.2651933e-04
 -2.4344703e-05
  9.8154851e-07
  4.9791186e-05
  4.7754829e-06
  8.1183614e-05
  3.3609213e-05
 -1.4401527e-04
  2.4020426e-04
  2.5638439e-02
  1.6083762e-04
 -6.6187276e-05
  1.9721745e-04
 -4.7702029e-05
  1.7155916e-04
  3.8655833e-04
 -1.1076612e-04
  2.5712320e-04
 -1.0306157e-05
  1.8733249e-04
 -6.5554450e-06
  5.6878991e-05
  2.4440860e-06
  6.7672652e-01
 -6.5923190e-01
 -2.0711116e-01
  4.7039255e-01
 -5.5562621e-01
 -1.7440714e-01
 -7.4480498e-01
  8.7414294e-01
 -1.1956770e-04
 -3.3478627e-01
  1.1187568e+00
 -1.5459116e-01
  3.3897546e-01
  3.7647507e-05
 -4.7547858e-02
 -7.1639204e-01
 -1.0741811e+00
  6.1726697e-02
 -1.3617428e-05
 -1.6389337e-01
 -1.1393381e+00
 -5.8416533e-01
  1.7195858e-05
  7.8912366e-05
 -1.0319197e-03
 -1.2998753e-03
 -1.3871031e-05
  3.3022694e-05
 -1.1007107e-04
 -2.4783626e-04
 -7.1733200e-05
  1.1646815e-03
  1.7309779e-01
 -9.8653389e-03
 -9.6050553e-02
 -1.4228992e-05
  3.9008852e-02
 -6.0257436e-05
  3.5505243e-05
 -1.0643704e-04
  7.3919846e-06
  4.3424028e-05
  1.8858614e-04
  1.7701041e-05
 -5.0976072e-05
  1.6057875e-06
  1.4945371e-05
  8.5735213e-05
  2.1926278e-05
  5.3232328e-05
 -5.8873960e-05
  2.9892852e-05
  1.2905820e-05
 -2.7431473e-05
  1.7234124e-05
  2.8915210e-05
  9.5530947e-07
 -8.4539017e-05
  4.9045129e-06
 -2.2371701e-04
 -1.2288750e-04
  1.1256063e-05
 -9.9631807e-06
 -5.1101317e-05
  1.9351137e-07
 -1.7495382e-05
 -5.8866779e-05
 -7.0022223e-05
  2.0253419e-05
  3.5931775e-05
  2.7778566e-05
 -3.7052716e-05
 -1.3293295e-05
 -1.1385957e-05
  4.5084533e-05
  2.0289989e-04
  9.9727513e-06
 -4.5121265e-05
  6.3642176e-05
 -3.2662756e-05
 -7.9534671e-05
  8.1247963e-06
 -9.1118374e-05
 -3.8241178e-05
 -3.4508012e-05
  1.5551204e-05
 -4.1660405e-05
  1.3187442e-05
  3.6435802e-05
  5.0465940e-05
 -1.7216177e-01
  1.9938838e-01
  1.8269037e-01
 -5.8290470e-01
 -3.4484637e-01
  8.5377312e-01
  9.0741283e-01
  1.6668843e-01
  1.4541414e-01
  1.6380410e-03
  8.3283418e-01
  9.6570474e-01
  2.2601986e-01
 -8.6678599e-05
 -9.3559577e-04
 -2.5090342e+00
 -1.2750938e+00
  4.4050971e-01
  1.1701833e-05
 -2.8404766e-01
 -1.3553696e+00
  1.6703239e-01
  5.2505255e-01
 -4.2257190e-05
  8.8788219e-02
 -4.6963442e-02
  2.9491407e-06
  5.0832357e-05
 -6.7710673e-05
 -1.2981053e-04
 -9.3935487e-05
 -8.6237305e-05
 -8.1822909e-05
  2.4156747e-04
  1.4598560e-04
  3.2967466e-05
 -1.0476865e-04
 -8.2971646e-06
 -3.0688570e-05
 -2.6186066e-05
 -1.4788211e-04
 -4.3742098e-06
 -4.4815857e-05
  9.9289027e-06
 -2.1407839e-05
 -2.1340427e-05
  9.3667601e-05
  1.1047222e-05
 -2.3138329e-05
  1.9768988e-06
 -9.2948714e-05
 -6.7060864e-05
 -1.0262435e-05
 -2.1048636e-05
 -1.1623507e-05
 -1.2391525e-04
 -4.3205095e-05
 -2.7274740e-05
  5.4397238e-05
  2.0372448e-05
 -1.0412221e-01
  7.7295971e-01
 -1.2716941e-03
 -5.8354579e-02
 -6.8909703e-03
  6.3569722e-05
  6.5179081e-03
 -7.0710912e-06
  1.0013467e-05
  1.4623161e-04
  4.7107332e-04
  1.3457700e-05
 -3.3730077e-05
  1.4776741e-04
 -3.9783354e-05
 -5.9577469e-02
 -3.6492897e-04
  2.4211896e-04
 -5.2194473e-06
 -1.3129871e-05
  9.1992770e-05
  2.4652729e-05
  1.7236154e-05
  1.7645914e-05
  6.1129924e-04
  1.8112916e-05
  6.3236657e-05
  2.8989429e-05
 -4.3783177e-05
 -6.7720562e-06
  4.8943941e-04
 -5.2845579e-01
  5.1234478e-01
 -1.6730724e-01
 -6.9103813e-01
  1.1993757e-06
  3.1622510e-02
  3.8540065e-07
 -2.1095939e-05
  7.6886237e-05
  1.6096812e-05
  4.9821159e-05
  7.5587894e-05
  1.7633023e-05
 -7.1552880e-03
  3.1033242e-03
  6.2080000e-02
  5.2679911e-02
 -8.9741850e-05
  6.5812998e-04
 -1.0704566e-01
 -3.5474310e-05
 -2.8912551e-05
  2.5220539e-05
  1.3892800e-06
 -1.3919269e-04
 -1.9615222e-06
 -1.3265647e-05
 -1.6523521e-04
  3.0577263e-05
 -2.4595923e+00
  3.2135075e-01
  4.1249985e-01
 -2.2993140e+00
  1.7273142e+00
  7.5344376e-02
  9.9580444e-05
 -2.4986037e-04
  3.4941695e-05
 -2.1069065e-05
 -3.1844428e-01
 -3.7119320e-05
  2.4857060e-05
  2.8448823e-05
 -1.2585013e-04
  3.2424238e-01
  1.2784921e-01
 -1.1601486e-05
 -4.4152298e-06
  1.2222204e-02
  1.9077723e-01
  1.3819766e-04
  6.3632513e-05
 -4.0887389e-06
  6.0712158e-05
  6.6694978e-05
 -4.6375611e-05
 -6.8057976e-05
  2.4377032e-05
  8.8820107e-06
 -2.0007043e-05
  4.7377348e-02
 -2.4653827e-01
 -2.5182759e-02
 -2.1049643e-01
  1.5835487e-05
  3.3339400e-02
 -1.1462410e-04
  4.4030399e-05
  4.7057219e-06
  1.4484604e-05
 -2.9881445e-05
 -9.5822623e-05
 -1.9444764e-05
 -2.3944177e-04
  1.0137621e-04
  1.0123977e-04
  1.5990470e-04
 -2.4065363e-05
  1.6201983e-04
 -2.1736038e-05
  5.9662971e-06
  1.9840969e-05
  8.6646731e-05
  1.2972983e-04
 -6.3482570e-05
  4.8591839e-05
  9.8592009e-06
 -3.0641665e-04
  8.2993101e-06
 -3.3699318e-05
  7.4657068e-02
  1.7574526e+00
 -7.0796289e-02
  1.9834490e-01
 -8.7323337e-05
  2.3417238e-03
 -5.3703730e-05
  9.2334813e-01
 -6.8405279e-05
 -2.2879074e-05
 -2.0417618e-05
 -5.7659097e-02
 -1.9676031e-01
 -3.3388318e-05
 -9.8307944e-05
  2.5730335e-05
  1.0572649e-05
 -1.4624187e-04
 -6.4271699e-06
  3.3201111e-04
  1.8918883e-02
  2.0783726e-05
  3.2608499e-05
  8.4874910e-01
 -1.1576107e-04
  9.0585724e-02
  9.2840374e-02
 -3.0700898e-01
 -5.5139841e-05
 -4.6402791e-05
  4.4144052e-01
 -8.6025393e-01
  4.0661687e-01
  1.3357069e+00
  2.7605960e-02
  3.3619770e-01
 -3.8215983e-01
  2.6305193e-01
  1.3298661e-01
  6.9555263e-03
  1.3185645e-04
  4.5485798e-01
 -3.9374691e-01
  1.3864221e-04
 -3.1524654e-05
  8.7977149e-02
  1.6881274e-01
  6.9404908e-02
 -5.9906299e-05
  4.1020086e-01
  1.1382086e+00
  1.3946848e-01
  6.8286436e-06
  8.1225479e-01
 -1.6538429e-04
  4.8557714e-01
  4.1222277e-01
 -2.9076922e-01
  2.0120488e-01
  2.2029245e+00
 -8.6421907e-01
  2.2607224e+00
 -1.6952862e-01
  3.2926401e-01
 -2.6289457e-01
 -2.3587178e-05
 -1.4632388e+00
  1.2557709e+00
  1.5353184e+00
  9.8494187e-05
  2.0668848e+00
 -1.2577032e+00
 -6.7480063e-01
 -9.3936020e-01
 -7.0994598e-01
  4.3264169e-01
  1.1994109e+00
 -6.3393998e-01
  7.3212540e-01
  1.1643107e+00
  1.1874082e+00
  6.3501412e-01
  1.9003797e+00
  3.2654986e+00
 -1.0032266e+00
 -1.4737982e-01
 -4.1246775e-01
 -7.1499193e-01
  4.6485987e-01
 -7.1109259e-01
 -3.7948461e+00
  1.0966606e+00
 -1.0337905e+00
  6.4765292e-01
  3.4380358e-01
  1.3146042e+00
 -4.0295094e-01
 -4.6829200e-01
  2.6126862e+00
  2.6703691e+00
 -6.7384845e-01
 -1.3446379e+00
 -2.9728138e-01
 -4.1230381e-02
 -1.1264281e-01
 -2.4888206e+00
 -2.0425177e+00
  1.3587654e-01
 -2.5173458e-01
 -2.9748829e-02
 -1.0838078e+00
 -3.2965854e-01
 -2.6567481e+00
 -2.4326417e+00
  2.4338567e+00
  1.0947509e+00
 -3.1248036e-01
  3.3449846e-06
  1.8826586e-06
 -1.0765410e-05
  1.3026360e-01
 -2.0734527e+00
 -1.7026788e-01
 -1.3206074e-01
 -1.8997575e+00
  6.0537767e-01
  1.1394396e+00
  2.0710993e+00
  6.2675494e-01
  3.6309314e-01
  2.2423177e+00
 -2.8477740e-01
 -8.6999434e-01
 -1.2177129e+00
 -9.3768017e-07
  3.0614012e-01
 -1.3235745e-01
 -7.4724233e-01
 -2.4587853e+00
 -1.4528196e+00
 -1.2882372e+00
 -1.0142194e-01
  3.5256207e-01
  6.4461350e-01
  9.4736487e-02
  2.2291591e+00
 -7.3160505e-01
  3.8580012e-01
  2.7625871e+00
  2.8791270e-01
 -1.2055253e+00
  2.6659465e-01
  2.3548150e-01
  1.8780354e-01
 -1.1356703e+00
  1.9956810e+00
  8.4676415e-01
 -6.8878561e-02
 -2.1213393e+00
  1.3758858e+00
 -7.7462876e-01
 -6.1440796e-01
  1.7600699e-01
  6.9833525e-02
 -6.0200173e-01
 -1.7336668e-01
  1.0907788e+00
  9.3906081e-01
  2.5149800e-02
  1.5586679e+00
 -6.1074084e-06
  1.4127553e-05
 -8.2592738e-01
  6.6241068e-01
  6.7119719e-04
  3.0989185e-01
 -4.0493262e-01
 -1.1995264e+00
  6.3211632e-01
  1.2477010e-01
 -6.6694009e-01
  1.5642769e+00
  2.5769059e-02
 -2.5175855e-01
  8.2480603e-01
 -2.2974777e+00
 -2.0176233e-03
  6.1161470e-01
  2.5505474e-01
 -9.6907246e-01
  5.6780541e-01
 -7.4552393e-01
 -1.7585516e-01
  3.1910062e+00
  3.4057474e-01
 -1.0531642e-03
  2.2788224e+00
  4.3730760e-01
 -2.5772843e+00
  1.0602829e+00
  9.3238080e-01
  3.0258182e-01
  1.0546416e+00
 -7.2845322e-01
  2.4384685e-01
  1.0414439e+00
  3.1454232e+00
  9.9769257e-02
 -1.7240666e+00
  1.2826228e+00
  3.5653129e-01
 -2.4766000e-01
 -7.9759628e-01
  4.0130323e-01
  1.4530731e+00
 -3.7907040e-01
  5.4743421e-01
  1.6061987e+00
 -1.9903543e+00
  3.8979581e-01
  1.8259959e+00
  3.2890403e+00
 -4.3304114e+00
  1.8180846e+00
 -8.0934966e-01
 -5.3079420e-01
 -1.0636437e+00
  2.7663487e-01
 -1.7115364e+00
  1.9571640e-01
 -6.5172356e-01
 -1.2840129e-01
  2.3402414e+00
  1.8116684e+00
 -8.1238985e-01
  3.6855322e-01
 -2.6403322e+00
 -4.3476292e-01
 -1.9153817e+00
  4.0898666e-01
 -2.3503929e-02
 -2.9565948e-01
 -8.0607915e-01
 -1.0517235e+00
 -3.1989081e+00
  5.5768049e-01
 -1.8219904e+00
 -6.4524227e-01
 -3.8395780e-01
  7.0149487e-01
 -3.6612305e-01
  1.9938480e+00
 -9.1629076e-01
  7.1123922e-01
  4.3641517e-01
  1.4339885e+00
 -2.1022262e-02
  3.1525937e-01
  2.9981947e+00
 -6.1272132e-01
 -9.2050856e-01
 -1.4884248e-01
  1.4382143e-01
 -1.0471183e+00
 -3.2858753e-01
  6.5586072e-01
  7.8058171e-01
 -7.6074320e-01
 -6.8685144e-01
 -1.2913508e+00
 -2.8949019e-01
 -1.2408710e+00
 -2.5256300e-01
  3.3498574e-02
  3.0399162e-01
 -7.2379190e-01
  3.0487123e+00
 -1.4289989e+00
 -9.9154621e-01
 -1.6115310e+00
  1.0721208e+00
  1.2459774e+00
  1.4336153e+00
  1.6850331e-01
  1.4309596e-05
  2.4314427e-01
  2.4849677e+00
 -2.6491368e-01
 -1.4395394e+00
 -9.5168121e-02
 -1.3874146e+00
 -4.7607827e-01
 -5.5940902e-01
  1.2552900e+00
 -7.0869178e-01
  3.0244875e+00
 -4.3340713e-01
 -1.7727366e-01
  7.3202533e-01
 -3.1052785e+00
 -1.9243129e+00
  1.2544641e+00
  1.0470791e+00
 -1.0677131e+00
 -2.1633263e+00
  1.5861146e-01
 -4.5039067e-03
 -6.3311899e-01
 -3.2946116e-01
  1.6778227e+00
 -6.8957078e-01
 -7.0188385e-01
 -1.4751379e-01
  9.6091998e-01
 -7.7621269e-01
 -1.1293305e+00
 -7.8199631e-01
  5.0312418e-01
  1.1936983e-01
 -1.6381481e+00
 -3.6621845e-05
  7.8450479e-02
 -6.0061920e-01
 -2.1946681e-01
  2.2827662e-06
 -1.0805433e-04
 -5.7282448e-02
 -4.0998420e-05
 -1.1571861e-05
  2.5661540e-04
 -2.7335584e+00
 -2.5777605e-01
 -4.3883021e-05
  9.5546097e-02
  5.5585349e-01
 -6.2878957e-05
  1.0157521e-05
  6.6008703e-05
 -2.2517850e-01
 -2.3860247e-01
 -1.3974078e-04
  1.8246766e-06
  9.6058512e-01
  3.7356254e-05
  4.1185326e-06
  4.8569652e-01
  4.7923756e-01
 -1.7687285e-02
  1.0689691e-04
 -2.2382523e-01
 -8.6559623e-01
 -8.5690277e-05
  3.4364533e-05
  4.3860644e-01
 -1.7220818e+00
 -1.9225171e-04
  1.4757625e-04
  2.7729591e-02
 -4.4050854e-01
 -6.7488536e-02
 -2.2607732e-05
 -2.7674205e-05
  5.1619822e-01
 -2.2263429e-04
  2.9036644e-05
  9.1376507e-01
  5.0487783e-02
 -1.4849176e-05
  3.0843028e-05
 -1.0382060e-03
 -2.2920400e-01
 -1.0400782e-04
  1.0061685e+00
  4.6431023e-01
  4.6919042e-01
  1.0706671e+00
  6.9799644e-05
 -3.0883562e-04
 -4.4971906e-02
 -1.4548033e-05
  8.8390785e-01
 -1.6395303e+00
 -1.7847350e-01
  4.1682446e-01
  1.6499152e-04
 -1.3251430e+00
 -8.9287144e-01
  5.3628737e-01
  5.1273751e-01
 -5.0160748e-01
 -5.9651379e-02
  1.2796119e-05
  2.1680874e-01
 -7.4336928e-01
 -1.5923724e+00
  1.0853666e+00
  1.8542840e-01
 -1.9225067e+00
 -2.1828787e+00
  1.3011569e-05
  3.8657096e-01
 -1.5986748e+00
  2.8769337e-02
  5.4767263e-01
  7.1634740e-02
 -8.2489084e-03
 -4.4312555e-01
  3.2527411e-01
  2.5044745e-01
  1.1518894e+00
 -3.3180308e-02
  1.6564033e-04
  3.1454837e-01
  5.6390727e-01
 -3.1964055e-01
  3.8439950e-01
  9.3539227e-03
  1.4401839e-02
 -5.2132916e-01
  3.5227916e-01
  4.8515871e-01
 -4.3438193e-01
 -2.1011208e-01
  1.2125534e-05
  1.7593786e-05
  1.0431131e+00
 -8.6861610e-02
 -5.5268258e-05
  6.4216154e-05
 -3.2116382e-05
 -6.5177366e-05
 -5.3178328e-06
 -6.3670432e-06
  1.1866418e-01
 -2.6476637e-01
 -3.6966239e-04
  1.6494399e-04
  6.2476784e-02
  3.8036093e-01
 -6.7660721e-06
  2.8873465e-06
  1.6638997e-04
 -3.4774499e+00
 -2.3993774e-04
 -2.7927552e-05
 -1.9982487e-02
  1.1716033e+00
 -3.5341847e-05
 -4.8436297e-05
  2.6047361e-01
 -1.1020426e+00
 -2.9583261e-03
 -1.0810951e-04
 -2.8299621e-01
 -3.0293429e-01
 -7.0377710e-06
  4.5819293e-06
  6.5626466e-01
 -6.4229757e-01
  9.9605044e-05
  6.4825372e-06
 -3.6845422e-06
 -5.8245724e-01
  4.9338555e-06
 -4.7445170e-05
  1.5946424e+00
  2.2360142e-01
 -1.1807333e-07
  3.2292148e-05
  6.0892737e-01
 -1.2510744e-01
 -1.2598426e-05
 -1.4985618e-06
 -2.3669238e-01
 -6.8922442e-01
 -5.0141898e-05
  3.0469047e-05
 -5.8707297e-01
  1.6786987e-02
 -1.4592150e-04
  9.6963697e-05
 -2.0614167e-05
 -4.3379609e-05
 -1.3740714e-04
 -3.0017833e-05
 -2.4959616e-01
 -1.5591846e-05
 -5.5204164e-05
 -6.8441095e-06
 -9.6898264e-01
  3.0038157e-01
 -2.5703310e-05
 -1.1286666e-04
  1.5204360e-03
  9.8848814e-06
 -7.2461757e-05
  3.0706220e-04
 -1.2203286e+00
  5.3992707e-02
  8.7815090e-05
  5.2198793e-06
  5.1506197e-01
  1.4018272e-01
  8.0992664e-05
  5.3673021e-02
 -8.6076383e-04
 -1.0323034e-01
  5.3896631e-05
 -1.5531844e-04
  2.5377357e-01
  1.0103530e-03
  1.8977199e-04
  7.0355184e-02
 -4.0656722e-01
 -1.3022285e-04
 -2.8046254e-05
 -2.7983508e-04
 -2.7889672e-01
  5.8130881e-06
 -1.4558367e-05
  6.5924667e-02
  2.3278317e-01
  9.0204942e-01
  1.5955138e-05
 -1.9156869e-07
  1.4362605e-01
  5.4021303e-02
  9.1714668e-05
  3.1225228e-01
 -4.6791026e-01
 -1.0536142e-02
 -1.0693280e-04
  4.6442456e-05
  1.6014167e-04
  1.1502769e-04
  5.2211835e-05
  2.9588988e-01
 -2.9893911e+00
 -8.8590011e-03
 -2.6526715e-05
  7.5800701e-05
  2.2589731e-01
 -3.3582720e-01
  3.2018099e-05
  2.6623935e-01
 -2.6356430e+00
 -1.2118427e-04
 -2.4480003e-05
 -1.0625116e-05
  6.9608688e-01
 -1.1251377e+00
  2.7257111e-04
  2.0967095e-01
 -1.5617284e+00
  4.4371609e-06
 -8.0325908e-06
  8.1523933e-05
  4.4180098e-01
 -3.6149412e-01
  5.9032591e-06
  1.4391889e-01
  3.2830253e-01
 -5.7948975e-05
  2.6360620e-05
 -1.8205939e-05
 -5.5061418e-01
 -1.1232150e-01
  1.2431314e-04
  8.6581297e-02
 -5.8020562e-01
 -4.2069122e-02
  4.6410009e-06
  8.5305495e-05
 -3.2581764e-01
  1.8056647e-01
 -5.9557774e-06
  7.5856568e-03
 -2.3839085e-01
 -8.6574954e-01
 -1.5007869e-05
  4.1095827e-02
  4.1095827e-02
  4.1095827e-02
  4.1095827e-02
  4.1095827e-02
  1.2058004e+00
  1.2058004e+00
  1.2058004e+00
  1.2058004e+00
  1.2058004e+00
  5.8507854e-01
  5.8507854e-01
  5.8507854e-01
  5.8507854e-01
  5.8507854e-01
  2.4036011e-01
  2.4036011e-01
  2.4036011e-01
  2.4036011e-01
  2.4036011e-01
  8.4487043e-02
  8.4487043e-02
  8.4487043e-02
  8.4487043e-02
  8.4487043e-02
  1.4077559e+00
  1.4077559e+00
  1.4077559e+00
  1.4077559e+00
  1.4077559e+00
