nep4_zbl 4 Li La Zr O 
zbl 1 2
cutoff 5 5 58 58
n_max 4 4
basis_size 8 8
l_max 4 2 1
ANN 30 0
  8.2904799e-03
  7.2629862e-03
 -1.1936269e-02
 -2.3495711e-02
 -3.3464576e-03
  4.1705081e-03
 -1.7650321e-02
 -1.1067744e-01
  2.7656157e-03
 -6.0640450e-04
 -3.2729770e-03
  3.8392313e-03
  1.1482392e-02
  2.0364726e-02
 -1.1706210e-02
  4.6944330e-03
 -1.1368331e-02
 -5.3336457e-03
  7.3225558e-04
 -4.1726500e-02
  3.9108985e-04
  7.0940267e-04
  3.0322534e-03
  1.6359580e-03
 -1.0684541e-01
  7.6515757e-02
  2.2688895e-03
  8.4956381e-03
  5.2829919e-04
  5.0138729e-03
 -9.5309532e-04
  4.6782112e-03
  8.5888878e-03
 -7.8322622e-04
 -1.4438357e-03
  2.9265888e-02
  2.4937077e-03
  6.6125928e-03
 -1.1710268e-02
  2.4724694e-02
 -8.7150829e-03
  5.2523925e-03
 -5.0730081e-03
 -1.6222713e-03
 -1.1618469e-02
 -1.2892819e-04
  9.3646966e-02
 -6.7247003e-03
  1.5310244e-02
  1.5026810e-02
 -1.1062582e-02
  8.9281786e-04
 -1.9945975e-03
 -9.7995403e-04
  1.6607501e-03
 -1.0444241e-02
  2.4773067e-02
 -9.5383022e-03
 -7.1519818e-03
  1.0294241e-02
 -8.7568100e-05
 -6.9137835e-03
  5.1250602e-03
 -3.2413024e-03
 -1.2501390e-02
 -2.2701843e-02
  2.1525228e-02
  1.9926734e-01
 -1.4153388e-02
  7.6938365e-03
  1.9067882e-02
 -1.6235813e-02
 -1.7817916e-03
 -1.1940230e-02
  3.3125706e-02
 -3.9479765e-03
 -3.4428148e-03
  1.3278228e-02
  1.1996484e-03
  3.1170202e-03
 -3.8707760e-01
  2.0445831e-02
  1.6028336e-03
  9.7885719e-03
 -1.7833253e-02
  7.9038256e-04
 -7.5017737e-04
 -6.9029303e-03
 -3.6199018e-02
 -2.5772296e-02
  3.5393252e-03
  7.0350729e-03
  1.2492577e-02
  3.9520161e-03
  7.4982042e-03
 -1.3471217e-02
  1.3196857e-02
  7.5684808e-04
  6.0779946e-03
  5.1216045e-03
 -1.6428823e-02
 -1.0551691e-04
 -8.6927019e-02
  8.1494991e-03
 -7.5189914e-03
 -6.3131042e-03
 -1.1948078e-02
  3.0435394e-03
 -4.4271341e-03
 -9.8650670e-03
  3.5599382e-03
  5.6067673e-03
  1.9846144e-03
 -9.5241744e-04
  2.6350796e-02
 -3.2306161e-02
  2.3950988e-02
  3.2253992e-02
 -2.2284961e-03
  1.2585660e+00
  1.2804757e-02
 -1.5486561e-02
 -4.6887860e-02
 -2.0954549e-02
 -2.5117556e-02
 -1.0926832e-02
 -3.1716958e-02
 -6.5408684e-03
  1.4298236e-02
 -3.7925108e-03
 -7.5340847e-04
 -2.6825396e-02
  8.8011865e-03
  2.3741804e-02
 -2.3506718e-02
 -1.1480937e-02
 -2.9195240e-03
 -2.4692642e-03
  1.1822833e-03
 -1.3739396e-04
  2.4507935e-01
 -5.3768076e-02
 -6.0691782e-03
  4.6907648e-02
  4.9641640e-03
  3.4658439e-02
 -2.5755474e-01
 -4.2539194e-02
 -2.9313935e-02
  1.4137311e-03
 -7.4863019e-03
  7.0530530e-03
 -1.1161612e-01
 -1.3310073e-02
 -2.9100962e-03
 -1.3931664e-03
  2.3949104e-03
 -2.8896507e-02
  1.3497420e-02
 -1.7751869e-02
  1.5023485e-03
  5.5313860e-03
  2.6966704e-04
  5.7469313e-03
  4.0476928e-03
  6.0981296e-05
 -4.9098232e-01
  3.1199956e-03
 -2.9736459e-03
  1.5679660e-03
  5.6255460e-03
  2.8331899e-03
 -1.4966568e-02
 -1.2176270e-02
 -1.5078203e-03
  5.2194474e-03
  4.1353521e-03
  3.8236529e-03
 -1.0324116e-02
  1.9422589e-02
  2.2234870e-02
 -2.2071626e-03
 -6.1161141e-03
  4.6699818e-02
  1.2371356e-02
 -1.4616612e-02
  1.0698442e-02
 -3.7496018e-03
 -6.0843665e-04
  1.5348868e-02
  1.5397157e-03
 -7.3059853e-03
  5.5348128e-03
  4.2096588e-01
  1.9527930e-04
  1.9491563e-02
 -7.5822221e-03
  1.0377149e-02
  6.8419715e-03
  2.5385055e-03
 -1.6098140e-03
  1.8043168e-02
 -1.9125327e-02
  3.0800377e-04
  4.5442749e-03
 -5.6793266e-03
 -7.3541777e-04
 -3.2735635e-03
  3.9021468e-03
  3.9090786e-02
  1.0339414e-03
 -2.1908950e-02
  6.5662782e-03
 -1.6849406e-02
 -1.8426763e-02
 -8.4082567e-04
  6.3176062e-03
  1.3572691e-02
  5.8073201e-03
 -1.7903381e-03
  2.2045987e-02
 -2.1316124e-02
 -1.7710390e-02
  2.5480462e-02
 -6.7377957e-03
  1.0744562e-02
 -3.1194275e-02
  2.0039931e-02
  3.0311441e-02
  6.6232431e-04
  1.3835830e-02
  9.0471739e-03
 -1.4252387e-03
  7.3385588e-04
  1.2393515e-02
 -1.0789041e-02
  7.0080021e-03
  1.5688030e-03
  5.3636052e-02
 -8.1747724e-04
  5.7069547e-03
 -1.0787928e-03
  1.0939840e-03
 -2.0244766e-02
 -3.2205647e-03
  9.5835486e-03
  1.6610771e-02
 -4.9687851e-02
  6.1865668e-03
  1.3855308e-02
  5.1200576e-04
  6.0609323e-03
 -2.1811731e-03
  4.6389415e-03
 -3.0105483e-02
  4.2520710e-03
  9.0725040e-03
  1.5745036e-02
 -5.0962185e-03
  2.7974242e-01
  2.3824491e-03
 -1.7537322e-02
 -1.1890889e-03
  1.7894752e-02
 -2.5015248e-02
 -6.2928596e-03
  1.2702957e-02
  5.2323743e-05
 -1.9196508e-02
  1.4037854e-02
  1.1750759e-03
  1.7842650e-02
 -1.0587280e-02
 -2.2353211e-03
  1.6501836e-02
 -4.4471426e-03
  4.3374868e-04
  9.3839234e-03
  4.1695605e-03
  2.8062399e-02
 -5.0374940e-02
 -3.2492282e-03
  4.9050480e-02
 -4.4867996e-02
 -5.1513493e-02
  3.6099977e-03
  4.5511797e-03
  1.9318717e-02
  6.8144482e-03
  6.2253219e-03
 -6.1030734e-02
 -1.2946987e-02
  1.4533557e-01
  1.4120762e-02
  4.1438140e-02
 -3.8179666e-02
 -1.3881684e-02
  1.6476178e-01
  4.7592457e-02
  1.5708117e-02
 -2.8053300e-02
 -1.8213907e-02
  4.1684959e-02
 -2.1228652e-02
  4.9802862e-02
  3.2285228e-02
  3.3270698e-02
 -6.5175877e-03
  4.6232622e-03
  3.4847001e-03
  3.5336881e-03
  5.4971530e-04
 -1.7421350e-02
  1.9216050e-01
 -2.8505123e-03
  4.1362098e-03
 -3.1097308e-03
 -3.1153712e-01
 -1.8473312e-01
 -1.8287620e-01
 -1.9757895e-02
 -2.6829364e-03
  1.2266161e-01
  3.3493293e-03
  2.5462117e-02
 -9.3069579e-03
  7.8426739e-03
  2.7842216e-02
  9.9034179e-03
 -1.1672955e-02
 -4.2337950e-02
  2.7978965e-03
  9.3664929e-02
  3.2930027e-03
  1.0190836e-01
 -1.7902840e-02
 -2.0736307e-02
  4.0999379e-02
  3.4146274e-03
  3.1452859e-03
  3.4413494e-02
 -2.0249437e-03
  9.1663593e-01
  1.2517813e-02
  1.4324596e-02
  5.7362756e-03
  3.9243616e-02
  2.8562499e-03
 -1.2324229e-02
 -3.0352841e-03
 -4.2861509e-03
 -3.9315969e-03
 -2.1032073e-01
 -7.4653104e-02
 -1.3618249e-02
 -1.8746495e-01
  1.2349425e-02
  7.6110177e-02
  1.7422053e-03
  4.8573967e-03
 -3.9214186e-02
  4.0235341e-02
  3.1855679e-01
  3.8984168e-02
  1.9796697e-02
 -7.5586565e-02
  2.2534146e-03
  2.6381868e-01
 -1.8544546e-01
 -9.0949482e-04
 -2.1002653e-01
 -7.3278844e-02
  6.4323947e-02
  8.5822577e-03
  8.1853032e-02
  2.0151837e-02
 -7.6779788e-03
  2.1375122e-03
 -1.3035254e-03
  8.8709285e-03
  6.6124788e-03
  2.7833423e-03
  2.3227017e-03
 -4.1002026e-03
 -4.0754224e-03
  3.3660866e-02
 -1.3581757e-02
 -1.4361239e-02
 -5.1729027e-03
 -4.7998508e-03
 -8.1514232e-03
 -8.5217636e-03
 -2.7149529e-03
 -3.0128693e-03
  1.4311111e-02
 -1.9062303e-03
 -1.1292526e-02
 -5.1374459e-03
 -2.1937576e-03
  3.0398117e-02
  2.2208735e-02
  1.1926552e-02
 -4.3354547e-03
 -1.5798863e-02
  3.1287377e-04
  6.7223860e-03
  8.8620456e-03
  6.1284052e-03
  7.2260243e-03
 -3.6200942e-03
  3.8331982e-03
  4.2453040e-03
  1.2925384e-02
 -1.5237333e-03
  1.0640337e-02
 -2.4627377e-03
  5.6756819e-03
 -4.4040815e-03
  6.4786850e-03
  1.0081097e+00
  4.2443514e-02
 -1.8162558e-02
  8.3684385e-01
  1.2775270e+00
 -1.0643921e-02
  1.1520273e-01
  7.0514330e-03
 -3.0763671e-03
  8.9159720e-03
 -1.8528092e-01
 -4.8110271e-03
 -1.9936334e-02
 -1.4579907e-01
 -1.8938227e-02
 -6.9938749e-02
  3.1670973e-02
  3.9484635e-02
 -1.3475664e-01
 -1.9448997e-02
 -1.1953237e-02
  6.1342064e-03
  7.6928618e-03
  1.6974072e-03
  4.5556854e-04
 -3.7924398e-02
 -2.3655480e-02
  1.7246382e-02
  6.8431464e-03
  1.4248947e-02
  9.1968905e-03
 -1.8092962e-02
 -1.3875713e-03
 -2.7407978e-03
  3.2615645e-03
  1.6681805e-03
  1.5912181e-01
 -5.6966729e-02
  6.1822754e-01
  2.5124416e+00
  1.2569149e-02
  1.6024715e-01
  4.3107169e-03
 -2.9947904e-01
  7.4603003e-01
 -1.5431823e-01
  5.2963607e-02
 -2.6425651e-01
 -6.5713400e-01
 -5.9305032e-04
 -5.4242784e-01
 -5.8592117e-04
  2.7897629e-01
 -5.5761343e-01
 -2.5700845e-02
 -1.9104201e-02
  8.8763118e-02
  1.8025881e-01
 -2.4549600e-01
  1.2002931e-03
 -3.5239022e-02
 -4.2225730e-02
 -4.2017967e-01
  5.1140721e-04
  1.1190834e-03
 -2.1668456e-03
 -2.5873370e-03
 -3.3468939e-03
  1.6920706e-02
  1.3493301e-03
  3.9336141e-02
  2.9584918e-02
 -9.1553271e-02
 -1.9914426e-01
 -6.2713161e-02
  1.4554790e-01
  5.2957661e-02
 -3.8102772e-02
 -3.8545012e-01
  3.1847585e-02
 -2.7226710e-01
  2.7747533e-01
 -1.7158337e-01
 -5.7541215e-01
 -2.0880710e-02
 -2.4184108e-01
  4.4066468e-01
  2.2540863e-01
 -5.9666854e-01
 -4.1720480e-01
 -1.7835192e-01
  5.6491953e-01
  8.6719722e-02
 -5.9211743e-01
 -2.8207680e-02
 -4.2019483e-01
 -1.4596736e-01
 -1.1697371e-01
 -1.0802786e-01
  2.8825540e-02
 -2.1940626e-02
 -2.2128767e-03
  6.4779990e-03
 -4.5554690e-02
 -2.6007271e-03
  1.5018627e-02
 -5.4263254e-03
 -2.7344727e-03
 -2.3979845e-03
  1.5938103e-03
  1.5817039e-02
  2.0433474e-02
  6.4517683e-03
 -1.7516968e-03
  6.2699206e-03
  4.8433989e-03
  9.4277384e-03
  6.6410110e-04
 -4.8428945e-02
 -2.0382660e-02
  4.0137870e-03
 -5.8551705e-03
  3.3196960e-02
 -2.9413453e-03
 -2.5834341e-04
 -1.5781652e-02
 -3.7813880e-03
  6.4016441e-03
  1.2419884e-03
 -1.0586591e-02
  6.2386338e-03
  2.9917017e-02
  1.1679394e-03
  2.2401160e-02
  7.5800680e-03
  7.3129209e-03
  1.7422725e-02
 -1.3503268e-02
 -3.9512850e-03
 -1.7248606e-02
 -1.0336749e-02
  1.2331060e-02
 -1.6036933e-02
 -6.9013308e-03
 -1.4978696e-02
 -1.0526496e+00
  1.9178507e-03
 -2.3264135e-03
 -9.6997770e-04
 -2.3315588e-03
  7.8771217e-03
  3.3758752e-02
  1.1014117e-02
  1.4949157e-02
  1.2172321e-02
 -6.9462862e-03
  5.5918661e-03
 -1.3972791e-02
  6.6514008e-02
 -1.9876767e-02
  5.2279782e-01
 -7.7518253e-03
 -8.6559644e-03
  8.4509799e-04
  1.4967052e-04
  7.1853707e-03
 -8.5131116e-03
 -2.0129295e-02
 -1.7430939e-03
  2.6751026e-03
  5.0523090e-03
 -2.1490261e-03
  6.0243057e-03
 -5.5032766e-01
 -2.8104137e-03
  2.5699896e-01
 -2.2080485e-02
 -3.4845602e-02
  6.4641166e-01
  2.7745181e-01
 -4.5917900e-03
  3.3261992e-02
 -1.2026810e-02
 -4.1525266e-03
  9.6473405e-03
 -5.1682863e-02
  1.0291691e-03
 -1.8666549e-02
 -2.8152665e-02
  1.6344562e-02
 -4.1090548e-02
 -6.4031691e-03
  6.5245093e-03
 -1.7916150e-02
 -1.2774019e-03
 -4.8431028e-03
  1.7972276e-02
  8.8224299e-03
 -2.0113098e-03
  1.0547100e-03
  1.8865088e-02
 -1.8715970e-02
  2.1074150e-02
 -3.7300151e-02
  1.0107219e-03
 -3.1317474e-04
  6.6925702e-04
  4.1615786e-03
  3.9052986e-02
 -4.7782022e-03
 -1.4145321e-01
 -2.7593931e-03
  5.0930199e-03
  4.1057984e-03
  3.5974598e-01
  4.1531813e-03
  5.4501579e-03
 -7.3432983e-03
  5.9862146e-03
  3.0389391e-02
 -2.3699541e-02
  1.2734964e-02
 -1.7504317e-03
 -2.8677792e-03
 -7.5054998e-03
  7.4797451e-02
  1.0011377e-03
 -3.0747300e-03
 -8.3178878e-03
  6.4013188e-04
 -2.1320006e-03
 -8.4299752e-03
  2.3490643e-02
  1.4451524e-02
  6.0174172e-03
 -9.8066665e-03
 -1.6805487e-02
 -7.6511060e-03
 -1.2988537e-03
 -7.9250699e-03
 -2.0994650e-02
  1.1696954e-01
  1.3063309e-02
 -3.5055988e-03
 -9.4951894e-03
  5.1319380e-03
  1.9327216e-02
  6.8731494e-03
 -2.1607338e-03
 -3.0185957e-03
  1.1070116e-01
 -5.3858659e-03
 -3.2200899e-03
 -6.9564129e-03
  1.0686803e-03
 -5.0647207e-02
 -6.2832786e-03
  1.0466893e-03
 -3.1007934e-02
 -3.8530178e-02
 -2.7996302e-03
  9.7996406e-02
 -3.5300069e-03
 -5.5237212e-03
 -1.2001677e-04
 -2.7711904e-02
  9.7582936e-03
 -3.0165643e-03
  3.8970571e-03
 -1.2020984e-02
  4.5389540e-02
 -9.9536702e-03
  3.5739171e-03
 -8.4927790e-03
  3.2237361e-03
  7.6468936e-03
  1.1583320e-02
  1.5945889e-02
  1.4774248e-03
 -7.2762240e-03
 -1.2623283e-02
  4.1236924e-03
  9.5591983e-03
 -6.2710620e-02
 -1.4438793e-03
 -4.2947734e-04
 -2.7258208e-03
  1.6949994e-03
 -1.4897481e-02
  1.7693330e-02
 -8.0198552e-03
  3.2563785e-03
  1.5312256e-02
  5.9043545e-02
 -1.9464305e-02
  4.5659854e-03
  4.4295494e-03
  1.3026701e-03
  3.1104561e-02
  2.2710112e-03
  8.6038560e-03
 -3.2638458e-03
 -9.5799537e-03
 -4.1264344e-02
 -3.0817680e-02
  1.8180685e-01
 -2.9457293e-03
  2.2736127e-02
 -6.1832252e-03
 -1.0224892e-03
 -2.2727218e-02
 -4.8244247e-04
 -2.4963766e-03
  1.5932156e-02
 -8.4716063e-03
 -2.9101148e-03
  4.9235569e-03
 -2.3708124e-02
  2.6274664e-02
 -1.5072164e-02
 -2.5843391e-03
  1.3728671e-02
  4.3957133e-02
  4.6385236e-02
  5.5003664e-03
 -2.6524148e-03
  6.5982621e-03
  6.0114972e-03
  3.1798746e-02
  6.7563524e-04
  1.8779609e-03
  1.3148122e-02
  1.2371801e-02
 -3.8085683e-04
  5.6244638e-03
 -9.8012369e-03
 -7.8742253e-03
  2.6842093e-02
  1.9195857e-02
 -4.2341263e-03
  3.7684643e-03
  2.5362670e-03
 -1.6911721e-02
 -1.7934145e-02
  2.0299554e-02
  4.6238662e-03
 -7.8083170e-03
 -1.6659833e-03
  1.8191496e-02
 -1.3236704e-02
 -5.5544674e-02
  3.3091817e-02
 -3.2270081e-02
  1.4814904e-01
  1.9729881e-02
  1.8604252e-03
 -1.3050395e-02
 -1.1041099e-02
 -6.3359910e-03
  3.5652887e-02
  1.5865538e-03
 -1.9359054e-02
 -3.0665210e-04
 -1.6258298e-03
 -1.0834935e-02
 -1.3656267e-03
  2.7020408e-02
 -4.3605734e-03
 -3.6924373e-02
  1.2591347e-02
  7.9957256e-03
  2.7414093e-02
  1.4799644e-02
  2.6679283e-03
  4.3041152e-03
 -8.8837137e-03
 -2.5964344e-02
  6.7807115e-03
 -1.2978049e-02
  7.8505091e-03
 -2.3056834e-03
  1.8799653e-03
  4.7215074e-03
  5.2574337e-03
 -1.5286888e-02
  1.1411328e-02
  3.4617286e-03
 -9.0290001e-03
  3.7444228e-01
  7.4011171e-03
  9.8027540e-03
  1.3446695e-01
  7.9649482e-03
 -2.2160444e-02
  8.1881307e-02
 -1.0728093e-02
  8.9175422e-03
 -2.7093524e-02
 -4.4359151e-01
 -2.4968521e-03
 -1.2970600e-01
  8.5447682e-03
  4.1610482e-03
 -2.2474428e-01
 -3.9278403e-02
 -9.3820669e-02
  7.0050828e-02
  2.2091249e-02
 -6.0286924e-02
 -1.8790000e-03
 -8.0281854e-02
  2.2323241e-03
 -1.3537881e-02
 -4.0872586e-03
  1.1053988e-02
 -1.0944663e-02
 -4.2229164e-02
 -6.1562299e-03
 -1.8547533e-02
 -4.3919709e-01
  3.7694199e-04
 -3.1250806e-03
  1.2725754e-02
  2.1588352e-02
  1.0570651e-02
 -5.7951943e-03
 -2.1487512e-02
 -2.6231004e-02
  9.7317938e-03
 -1.2330713e-03
 -1.1864037e-02
 -6.8314695e-01
  7.3786485e-03
  9.1131404e-03
  1.4000717e-02
  2.0996497e-03
 -1.4800361e-02
 -4.3588687e-02
  2.1213572e-03
 -1.1049605e-03
  2.2143209e-03
  7.1169278e-03
 -1.3242633e-02
 -1.8797079e-02
  6.7425831e-03
 -5.0982375e-02
  6.9367201e-03
  2.0962380e-02
 -4.5252466e-03
 -7.0046738e-04
  3.0848142e-02
 -2.2989810e-02
 -1.6498487e-03
 -8.3754613e-04
  1.5430258e-02
 -2.2015614e-03
 -2.3979982e-02
  3.0596813e-02
 -2.8028801e-02
  2.1899410e-03
  1.8825354e-02
  6.7736153e-03
 -2.7372192e-03
  1.3663078e-04
 -1.4352856e-03
 -9.7966567e-03
  1.3615998e-02
  1.6885960e-02
  5.9908694e-03
 -4.1160673e-02
  3.1166133e-03
 -1.4355377e-03
  5.8180639e-03
 -7.7274735e-03
 -3.0376572e-02
  1.1663024e-03
 -6.2686321e-03
 -4.0201126e-03
 -4.4047814e-03
 -1.8247431e-03
  1.3504869e-02
  1.1760687e-02
  2.9315827e-03
  8.1381656e-04
 -2.1323333e-02
  4.2059319e-03
 -5.2600092e-04
  1.0273662e-02
  1.5843518e-02
 -1.9423047e-02
 -1.9013615e-02
  2.0710526e-02
 -3.0070344e-02
  2.2347923e-02
  9.7013623e-02
  5.0326242e-05
  6.5099299e-02
  2.4951691e-02
 -1.2542826e-02
  2.0192107e-02
 -1.4419047e-02
 -6.2013683e-03
 -8.1184395e-03
 -2.0237262e-03
 -4.3689264e-03
 -2.8902746e-03
  2.8707478e-03
  1.3520615e-01
 -1.3060685e-01
  4.1427989e-03
 -1.3025979e-02
  8.8864155e-03
  4.1725464e-02
 -4.3773342e-02
 -2.4970479e-03
 -9.7964838e-02
 -1.3887878e-03
  4.1414555e-03
  1.4213508e-02
 -4.0689334e-03
  5.3111115e-04
  2.0846782e-02
  3.9988227e-02
 -5.9868530e-03
 -2.2878891e-02
  1.5071382e-02
 -2.1875763e-02
  2.8014770e-02
 -2.9307254e-02
 -2.9315495e-01
 -9.4245121e-02
 -4.8244135e-03
  9.2943013e-03
  7.4582018e-02
 -1.0030911e-02
  1.7120391e-02
 -2.3089182e-02
  1.4835564e-02
  3.2568341e-01
 -1.0809430e-02
  6.9738883e-03
 -4.7666378e-02
 -8.1962861e-02
  5.5278802e-01
  2.5370531e-02
  3.5096234e-01
 -1.7215683e-01
 -5.0735287e-02
  2.7681983e-01
  3.0107370e-01
  2.0928396e-01
  1.3892951e-02
  1.5331348e-02
  6.2299538e-02
 -5.1699844e-03
 -5.6337430e-03
  1.9453658e-02
  8.0341967e-03
  1.6189030e-03
  6.6868141e-03
  2.0349701e-04
  8.2823917e-02
 -3.8786545e-02
  9.2159741e-02
  3.4404531e-02
  2.2272548e-02
  8.4720835e-02
 -8.6881919e-03
 -1.2176631e-01
  2.0482624e-02
 -1.0798929e-01
  4.0534496e-02
 -4.7104675e-03
 -3.2448277e-01
 -3.1415444e-02
 -1.9156259e-02
  2.7766708e-02
  1.5690546e-02
 -1.1979184e-01
 -9.7060679e-03
 -1.4250006e-01
  1.8371715e-01
  4.6661429e-02
 -6.8705790e-02
  7.0787534e-02
 -6.9076732e-02
 -2.9591493e-02
 -1.4774797e-02
 -1.3021222e-02
  4.0731858e-03
 -3.7515268e-03
 -1.3423371e-02
 -9.2630982e-03
 -1.4058779e-02
  1.1620373e-02
 -1.7400102e-03
 -5.3240974e-02
  1.3834844e-02
  5.8008634e-02
  1.9597833e-01
 -7.5995778e-03
 -6.5279764e-01
  1.3072249e-02
 -8.8709490e-03
 -6.1923410e-03
 -2.6995915e-01
 -1.3013077e-02
 -1.6633426e-03
 -8.7878117e-03
 -2.3110587e-02
 -1.2879316e-02
 -2.6464885e-02
  1.4794989e-02
 -1.4251231e-01
 -1.3509357e-01
 -7.1862307e-03
  1.4016634e-03
 -1.7168290e-04
  8.8376058e-03
 -7.5606024e-03
 -7.1039925e-05
  5.3110267e-03
  8.8780141e-03
 -1.1331138e-02
  1.1271276e-02
 -8.9004282e-03
 -6.4489323e-01
  1.7355846e-02
  2.4288509e-02
 -1.0050532e-02
  2.0748105e-02
 -9.0069268e-03
 -1.0933957e-02
  7.4819876e-03
  1.0900525e-02
  6.6711563e-03
  1.2944688e-03
 -3.3295962e-01
 -3.9999421e-05
  9.4814487e-03
  7.2552012e-03
  5.1888690e-04
 -5.7114564e-02
  2.7960189e-02
  4.6079990e-01
 -3.9357897e-02
 -7.2679762e-03
 -1.4715209e-02
 -6.3133040e-03
  3.0027928e-02
 -3.9231646e-01
  3.0732451e-03
 -3.1900942e-02
 -7.6832962e-03
 -9.1782548e-03
  3.9930204e-03
 -1.2338202e-02
 -1.8594466e-02
  1.2358581e-02
  1.1866169e-02
 -3.9426754e-03
  1.7499145e-02
  1.2294620e-02
 -2.0858019e-03
  7.6210134e-02
 -2.7493501e-01
  9.3432218e-03
  1.1660215e-03
  1.0299607e-01
  4.7626022e-01
  5.0874174e-01
  7.0136845e-01
 -4.4264239e-03
 -5.2348256e-01
 -9.7291553e-01
 -1.9187716e+00
 -5.9784982e-02
  3.3067426e-01
 -2.9178208e-01
 -2.1403663e-02
 -2.2201395e-02
  1.4282739e-01
  1.4349625e-03
 -7.9326481e-02
 -5.9963733e-01
  6.9970116e-02
 -6.5711625e-03
 -2.9478860e-01
  9.9508458e-01
 -6.9170672e-01
 -1.2445430e-01
  9.9587661e-01
  2.3721896e-01
  6.5836167e-01
 -4.2798053e-02
  4.4317570e-02
 -1.4001151e-02
  6.5345204e-01
  4.0792732e-04
 -1.6057646e-01
 -4.8757348e-02
 -2.0296274e-02
  1.1572541e-02
  4.2801867e-03
 -1.4069785e-02
  4.4163070e-03
 -3.4566317e-02
 -6.1201877e-03
  2.8864639e-03
  4.5417766e-03
  2.4300148e-01
 -2.1778617e-02
 -2.5845360e-02
 -5.2170968e-03
 -3.9887065e-03
  9.4162785e-03
 -2.2242604e-02
  6.3781687e-03
  4.3956488e-02
  1.8964950e-02
  3.4620345e-02
  3.7096953e-03
  2.4681710e-02
  2.5229859e-03
 -1.3492014e-03
 -2.1536371e-03
  3.7374399e-03
 -1.3341895e-02
  6.6372463e-03
 -2.8993755e-03
  2.5194321e-02
  1.7942367e-03
 -1.3718607e-03
  5.9457682e-04
  1.2992154e-03
 -2.6438097e-03
  5.9368339e-04
  5.8519524e-03
  1.2664138e-02
  1.7621518e-03
 -4.2783041e-03
  1.9916961e-02
  2.3032900e-02
  5.5417744e-03
 -5.5377083e-03
 -5.2582570e-03
 -2.7295260e-03
  2.8632306e-02
  1.8643068e-02
 -2.2402792e-03
 -7.4110841e-03
 -1.5880402e-02
 -1.5969085e-02
  4.5958408e-03
  1.5568201e-02
 -7.8318821e-04
 -2.6847511e-03
  1.4269298e-02
  1.1503719e-02
  3.0448640e-02
 -1.6228292e-02
 -2.7542257e-01
 -6.5198439e-01
  3.0975042e-02
 -5.3689918e-03
  3.5767633e-02
  1.1634120e-02
 -5.2767294e-03
  1.3693945e-02
 -1.7770512e-02
 -8.1151817e-03
 -7.6866325e-04
 -1.0049599e-03
 -2.6481468e-04
  4.2478468e-02
  5.2616266e-03
 -1.3067734e-01
  3.3497460e-02
  4.4772029e-03
 -7.2218692e-03
 -2.3804132e-02
  9.3947584e-03
 -7.9661664e-03
 -7.9919966e-03
 -1.9024698e-01
  8.8503055e-04
 -3.6766343e-03
  1.4040791e-02
  9.2800716e-03
  1.1465142e-02
 -2.4705429e-01
 -1.9718073e-03
  1.6591204e-02
  3.4306226e-03
 -5.9152292e-03
  7.2960311e-04
  1.0705396e-02
 -4.4100648e-03
  7.3536700e-03
  4.2974874e-03
  1.2164696e-02
 -8.8486848e-03
  1.1852245e-02
  3.4323159e-01
 -1.5974110e-01
 -2.5627300e-02
  1.0802015e-02
 -4.3953718e-03
 -6.6509689e-03
 -7.3646395e-03
 -2.0256486e-02
 -6.0143238e-03
  8.6879591e-03
 -1.3002967e-02
  4.8547564e-03
  1.3150847e-01
 -2.7439818e-02
  9.7304154e-03
 -4.6230757e-01
  1.3439222e-03
 -1.8443771e-02
 -1.0583009e-02
 -1.7244712e-02
  2.6307269e-03
  3.4591756e-03
  2.8650377e-02
 -1.4108249e-02
  5.2935020e-03
 -2.4319682e-02
 -6.1503383e-03
  3.9876984e-03
 -4.3856728e-01
 -5.2257532e-01
 -7.5525516e-01
  4.1172412e-01
  2.6364127e-01
  1.2222179e-01
 -1.2946749e+00
  2.0540854e-02
  1.2321483e-01
 -1.3787431e-01
  9.3738651e-03
 -3.6927912e-02
 -1.0245556e-01
 -1.1364960e-02
  1.9488469e-03
  5.8033885e-03
 -7.3553956e-01
 -5.0763477e-02
  8.8435961e-03
 -4.8650935e-02
  3.8181764e-01
  7.1187526e-02
 -1.5179277e-04
  2.5016437e-03
  1.3661118e-03
  1.4858359e-02
 -9.8002225e-02
 -2.1294726e-02
  1.1206660e-03
 -4.0970971e-03
 -1.0201947e-02
  2.1929587e-03
 -8.6213741e-03
  1.6609300e-02
 -2.4850043e-02
  7.7159489e-03
 -4.5578075e-03
  1.2031366e-03
  4.3663336e-03
 -1.1914356e-02
  1.7409698e-03
  1.1674463e-02
  2.7574435e-02
  1.1602039e-02
 -5.4162852e-03
  4.6356814e-03
 -1.7799990e-03
  9.3723331e-03
  7.6594176e-03
 -5.1219780e-03
 -4.7824024e-03
  1.8180023e-01
 -1.2674687e-02
  1.1132779e-03
 -3.0085864e-02
 -1.4942111e-02
 -4.5142584e-03
 -2.8495282e-02
  2.0578619e-02
 -1.7797496e-02
  2.3457224e-02
 -4.8405984e-03
 -8.2320990e-03
 -6.7677128e-04
 -2.3283144e-02
  3.7438923e-03
 -4.2054549e-02
 -1.1292942e-02
 -5.7198070e-03
 -2.0544853e-03
 -2.5412571e-01
 -3.7493530e-01
 -3.8205278e-01
  1.1003707e-03
  1.1144904e-01
 -3.1349022e-04
 -2.8519869e-01
 -6.6363806e-04
  2.1535544e-01
 -5.4341792e-03
  2.0491900e-02
 -1.2834636e-02
 -2.6464775e-02
 -2.3431599e-03
 -2.4129773e-02
  2.6713217e-02
 -4.1028336e-02
  2.5132943e-03
  3.0677821e-03
 -2.0592887e-02
  4.0697193e-04
  9.2251897e-02
 -3.1165205e-04
 -1.2906440e-02
  2.0384258e-01
  5.7902685e-03
 -1.7213382e-02
 -2.0678255e-03
 -2.3419030e-02
 -7.9126634e-02
  1.6881697e-02
 -8.6287130e-04
  1.3774145e-02
 -1.1840042e-02
 -4.8722043e-03
 -7.9884054e-03
  2.0762440e-03
  2.5720157e-02
  1.0657044e-02
 -6.1192564e-03
  8.3117839e-03
 -3.0519634e-03
 -4.6562746e-02
  2.4891105e-02
 -7.7049220e-03
  1.3922528e-02
  3.8835944e-03
 -3.7212303e-04
 -3.1047415e-03
 -1.1711854e-02
  5.2426294e-03
  4.4026687e-03
 -2.8054442e-02
 -4.8351334e-03
  1.8315155e-02
  1.1192183e-02
  1.6540418e-03
 -5.6710737e-03
  5.2528558e-03
 -1.1560430e-02
 -1.6247045e-02
 -9.5526185e-03
  1.4578106e-02
 -1.1196508e-03
 -1.1774390e-02
  8.1530502e-03
 -1.7464885e-02
  1.0900200e-02
 -2.0243416e-03
 -3.7080054e-03
 -4.9019009e-03
 -1.3495192e-02
  7.5391583e-02
  6.7704748e-03
  2.3091459e-03
  2.0344104e-03
 -1.2313493e-03
  1.2390465e-02
 -5.4659117e-03
  5.4910909e-03
  4.1995398e-03
  4.9874175e-04
  1.0706516e-02
 -6.1713671e-03
 -9.0857595e-03
 -8.2321540e-03
 -5.4256065e-04
 -1.8775761e-03
  2.7987618e-02
 -3.3208521e-03
 -7.5020692e-03
  8.1158234e-03
 -1.2204371e-02
 -4.3153833e-03
  1.4632649e-02
  3.9532326e-02
 -3.6175128e-03
 -1.0172724e-02
  1.6885174e-03
 -3.0854079e-03
 -3.3668198e-03
  1.6137960e-03
 -1.6823146e-02
 -9.8369168e-03
  2.0943107e-02
  7.0243579e-04
  3.2685686e-02
  8.2489914e-01
  2.2431584e-02
 -1.7603688e-02
 -1.3221424e-02
  1.4239462e-01
  1.6829656e-02
 -2.8041484e-02
 -3.8378942e-03
 -6.5718959e-03
 -2.5110874e-01
  1.3787639e-02
 -2.3264166e-02
  1.2116059e-02
 -8.4624417e-02
  6.6232965e-03
  1.0723784e-01
 -3.6269497e-02
 -3.6312558e-04
 -1.4806464e-02
 -8.9063012e-04
 -5.7130717e-03
  4.5647151e-03
  2.1355266e-02
 -1.4016975e-02
  1.9856587e-03
  2.5965192e-03
  1.5534029e-02
  8.6902156e-03
 -6.7464639e-03
  6.2627770e-04
  7.1483217e-02
  1.4806047e-02
  1.7518664e-02
 -2.9568866e-02
 -1.9105309e-01
 -5.2863842e-01
  1.1789554e-01
  6.2522598e-02
  2.1501830e-02
 -3.3198142e-01
 -3.1120971e-02
  3.7289762e-01
  1.4338468e-03
  1.9493287e-03
 -1.1998737e-02
 -3.0486217e-02
  4.5712697e-04
 -1.4891636e-02
  8.9169808e-02
 -1.6237452e-04
 -9.1458425e-02
  2.4487451e-02
  3.5752639e-02
  7.3064871e-02
  1.3433335e-02
  1.0782103e-02
 -6.5734633e-03
  7.8135971e-03
  2.5859516e-02
 -2.0900184e-02
 -8.7127564e-03
  1.1379105e-02
 -7.4759647e-03
  2.7740147e-02
  1.4321938e-03
  8.5712066e-03
 -3.8726281e-02
 -7.8243529e-03
 -3.0175832e-03
  3.8074616e-02
  3.6505607e-01
  2.9583824e-01
 -3.3107001e-01
 -1.7114064e-01
  1.5065990e-01
  7.2521162e-03
 -8.6559393e-02
  2.6395079e-03
 -4.7989348e-03
  2.7926731e-01
  4.1570507e-02
 -1.0126806e-02
 -4.9771584e-04
 -4.6055302e-02
  4.4242468e-02
  6.5693608e-03
 -6.2687662e-03
  1.0742998e-03
 -3.9623934e-03
  8.2363943e-03
 -3.8151290e-02
  1.7796045e-02
  3.2888707e-02
  4.4740494e-03
 -1.8235931e-02
  4.0764841e-03
 -7.5545031e-05
  2.0876117e-02
 -3.8253362e-03
 -2.1398624e-02
  1.3449900e-02
  2.1230053e-02
 -3.1434197e-03
  1.7234491e-03
 -1.3965520e-02
 -2.3471771e-01
  2.4212357e-03
  1.9997163e-02
 -6.5115835e-03
 -1.9776776e-01
  2.0908616e-02
  6.3267820e-02
  2.4491935e-03
  2.1200007e-04
 -1.1999847e-02
 -3.0373292e-02
  7.9129646e-03
  9.2721591e-03
 -4.2771860e-03
 -3.6104373e-03
  1.5260087e-04
 -9.6577294e-03
 -2.4125908e-02
  8.1532076e-03
 -7.2073033e-03
 -3.2521147e-02
 -1.8062064e-02
 -4.1273545e-02
 -2.9301813e-03
  2.9504739e-03
 -2.7395927e-03
  1.3508874e-02
  5.2197240e-03
 -2.7683449e-03
  2.3317614e-03
 -9.4761085e-03
  1.2507384e-03
  3.1930022e-04
  2.2969903e-01
  1.7319113e+00
  9.6170649e-02
 -1.1643068e+00
 -1.2227333e+00
 -3.6755067e-01
  1.4396019e+00
  1.5894822e-03
 -8.2783121e-01
  1.9809750e-01
 -2.8612682e-01
  3.9392236e-01
  1.0795322e-01
 -1.6232719e-01
 -3.8159275e-01
 -5.6672293e-01
 -2.5563091e-01
  2.5349525e-01
 -2.7187556e-02
 -3.2523003e-01
 -4.6928060e-01
 -1.4923297e-01
  4.0054145e-01
  3.7986303e-03
 -3.5177952e-01
 -5.3298781e-03
  2.5703982e-04
 -8.1287527e-01
  1.0042276e-02
  4.4882014e-02
 -7.8076888e-03
  4.9318285e-03
  3.2207184e-03
 -1.0641132e-02
 -8.9591406e-03
 -1.3621687e-02
 -7.6815999e-01
 -1.8569504e-01
  7.1299547e-01
  8.2441401e-01
  6.8132870e-02
 -3.7194797e-01
  8.0126440e-03
  1.8046795e-01
  6.7524396e-02
  9.6693695e-02
 -1.8190732e-02
  6.8887849e-03
 -6.1473646e-03
  2.3181481e-02
  1.2828517e-01
  2.0070819e-03
  1.0169849e-03
  2.8493933e-02
  5.5349017e-03
  4.6304595e-02
  9.2214085e-02
 -2.2132730e-02
 -2.5706904e-03
  1.1077262e-02
 -2.6249692e-02
 -5.9545604e-03
  2.3695240e-03
 -3.4290709e-02
 -3.7232008e-02
 -1.6379764e-02
 -2.1975640e-02
 -4.6958351e-03
  1.8416213e-02
  4.2654439e-03
  3.2454017e-03
  9.0314671e-03
 -9.0134237e-03
  6.8392354e-04
  7.1211194e-04
 -1.0092176e-03
 -4.6954076e-03
 -3.0932590e-02
  7.5922320e-03
 -1.0246381e-02
 -3.1840011e-02
 -1.0623865e-02
 -1.8634478e-02
  6.8721646e-03
 -2.9936407e-03
  5.2991481e-03
 -1.2478662e-02
 -1.4518086e-02
 -9.4869174e-03
  1.7590106e-02
  1.2497635e-02
 -1.0317807e-02
 -6.1902094e-05
  2.1165796e-03
  3.2850800e-03
 -4.2030048e-03
 -7.4185985e-03
 -1.6512956e-02
  3.3928207e-04
 -8.3180666e-03
 -1.2487209e-03
 -2.8310104e-03
 -1.5705588e-03
  4.7490522e-03
 -7.8287143e-03
 -1.9504414e+00
 -6.5584862e-01
  5.4674268e-01
  3.2857513e-01
  5.1477391e-01
  4.0255249e-01
  1.4479370e+00
 -7.0155674e-01
  2.0225155e-01
  8.5373305e-02
  1.5991421e-01
  2.2370315e-01
 -5.3962213e-01
  7.4095903e-03
  1.0007247e+00
  5.7462287e-01
  8.1445158e-02
 -2.6316428e-01
  1.2140081e-01
  4.3590525e-01
  4.4352859e-02
  4.6828988e-01
 -1.1831772e-01
  7.4212668e-03
  6.7757107e-02
 -1.7294578e-02
  2.0800851e-04
 -9.1502063e-02
  8.2584308e-04
 -1.7750908e-03
 -2.3514982e-03
 -1.6425405e-02
 -4.7301152e-03
  1.1064550e-02
  2.9057998e-03
  1.2173581e+00
  2.6167345e-01
 -3.3886366e+00
 -1.1285416e+00
 -1.8542074e-01
 -2.1188984e-02
 -6.8566436e-01
  7.3202670e-01
  7.0779747e-03
 -1.3578212e-02
 -1.6399257e-02
 -4.5612353e-01
  2.8323960e-01
 -5.0145499e-02
 -1.6250412e+00
  1.9901476e-03
 -9.3765283e-01
  7.4820167e-01
 -4.7715387e-04
 -1.0297323e+00
  4.6700519e-03
 -6.5346581e-01
  6.7725563e-01
 -2.7013764e-02
 -3.8078937e-01
 -7.5904215e-03
 -1.5062322e-02
 -1.9300146e-02
 -3.4095857e-02
 -1.7215742e-02
  2.8096983e-02
 -9.9430634e-03
  1.1042356e-02
 -6.8330090e-03
  2.5058745e-03
 -1.4786987e-02
 -9.4284736e-02
 -5.7403094e-01
  1.4725861e-02
  3.5461579e-02
 -6.3700783e-03
 -1.8963332e-01
 -1.5509096e-02
  3.4942515e-02
  1.2918311e-02
 -3.4806687e-02
 -5.4161954e-03
 -1.4415341e-02
  1.6431356e-02
  1.0047683e-02
 -1.8325114e-03
 -1.3331344e-02
 -5.8150765e-02
  2.6978068e-02
 -8.4693104e-02
 -3.7551301e-03
  1.1230984e-01
  1.5463288e-02
  8.5522095e-03
 -5.3585260e-03
  5.0399462e-03
 -3.1171325e-03
  2.4330367e-03
  4.3406978e-02
 -1.4602344e-02
 -2.6855126e-02
  1.5096705e-03
  7.3828427e-03
  6.3508833e-03
  4.6432749e-03
 -9.5116318e-04
 -3.2145206e-03
  1.1422182e-02
  2.9916235e-03
 -9.9940691e-04
 -3.9742608e-03
  2.4811106e-02
  6.9119288e-03
 -3.1569961e-02
  2.0131818e-03
 -4.9200505e-03
  3.4203106e-03
 -1.3657088e-03
  6.0575935e-03
 -2.9667428e-02
  2.3872491e-03
 -9.4213587e-04
  5.1091942e-03
  6.2661422e-03
 -3.2791857e-02
  1.5215738e-02
  8.8497261e-03
 -2.7570730e-02
 -3.9260713e-03
 -9.5035994e-01
  2.8033373e-03
 -1.1692761e-02
  2.3025442e-02
  1.6566209e-02
 -8.0826040e-04
  9.8571017e-02
 -9.0765376e-03
  1.7261574e-02
  3.2118200e-03
 -9.0352474e-03
  8.1150113e-03
 -2.9517764e-03
  2.5439109e-03
  3.0898553e-04
  2.0927049e-03
 -6.9982274e-03
 -1.1070394e-02
  1.2132670e-02
  7.7638146e-03
  3.5195643e-04
 -1.0643151e-02
  1.3903724e-03
 -6.4399070e-04
 -1.9800649e-03
 -4.3481220e-03
  6.2950957e-04
  5.7025403e-03
  4.8268712e-03
  1.2836586e-02
  4.1024312e-02
  1.5354762e-02
  8.9728087e-03
  1.2917259e-03
 -2.5723530e-02
 -1.1167195e-02
  8.9853629e-04
  9.4619254e-03
  1.0754796e-03
 -2.6601236e-02
 -1.8369938e-01
  3.5926763e-02
  4.9383799e-03
 -1.9935183e-02
 -2.7719643e-02
  4.7251526e-03
 -5.8597666e-03
  1.6914146e-02
  4.8700232e-02
 -2.7270457e-03
 -6.8580043e-03
 -2.4733290e-02
 -6.5056961e-03
  6.5347645e-03
 -4.7159390e-04
  9.8012844e-03
  1.4868820e-03
  1.4284272e-02
 -4.5966958e-03
  4.9521653e-03
  5.5293441e-02
  1.6034009e-03
  2.2781782e-02
  1.7158571e-03
  4.6559931e-03
 -1.3797718e-02
 -2.7265097e-04
  4.7879606e-01
 -1.7201678e-03
  2.0344040e-01
 -1.4572949e-03
 -3.6563739e-02
 -2.5034761e-03
 -2.6864793e-05
 -5.8469698e-03
  7.2256788e-03
 -7.6630995e-02
  1.3803910e-02
 -1.5353090e-02
  7.9820845e-03
  2.0754835e-02
  6.6361642e-01
  5.3221893e-01
  1.4090313e-01
 -1.2587668e-01
 -1.2772430e-01
 -4.9702731e-01
  8.8363212e-01
 -1.0364312e-01
 -4.6842000e-01
  9.6669616e-03
 -3.9200535e-01
 -1.7151563e-01
  1.9200554e-01
 -3.0654946e-01
 -1.6752119e-01
 -5.6393784e-01
 -8.9734696e-02
  3.0090454e-01
 -4.9477495e-02
 -5.2621961e-01
 -5.8463943e-01
 -3.1656948e-01
  2.7801317e-01
  6.2528970e-03
 -1.2412616e-01
 -5.2723130e-03
  1.6589141e-01
  1.0797610e-02
 -1.6703591e-02
  7.7764817e-02
 -3.6830506e-03
  5.1037863e-02
 -6.8279929e-03
  1.2511764e-02
 -9.1187311e-03
 -4.8644468e-02
 -2.4471277e-01
 -1.0365256e+00
  5.2851725e-01
  1.6245690e-01
 -2.7320705e-02
  2.3062649e-01
 -3.6229067e-03
  2.4668151e-01
  5.5841631e-03
  1.8396520e-03
 -4.5983709e-02
 -1.1584557e-02
  8.1795668e-03
 -5.9031029e-03
  4.5733713e-03
  6.3736987e-04
 -2.6485473e-02
 -6.1407546e-03
 -6.4356677e-02
  1.3792389e-02
  1.3757640e-02
 -1.1199137e-02
 -7.9015056e-03
 -4.2942699e-02
 -2.5879631e-02
  4.5762905e-03
  1.5114744e-03
 -1.4162484e-02
 -2.2206560e-02
 -2.8958975e-03
  2.3936140e-03
 -8.9065917e-03
  3.8435638e-03
  4.1766991e-03
 -9.7048022e-03
 -1.4321745e-02
 -1.7661547e-02
 -1.3244417e-02
  3.0686755e-03
 -9.5207393e-03
  5.2437824e-03
 -2.2935497e-02
 -1.1096010e-02
  1.2602046e-03
 -1.2057932e-02
  3.3364790e-03
 -6.5686024e-04
 -4.7768769e-03
  1.9372489e-02
 -2.0877339e-03
  3.3029832e-04
 -2.3858536e-03
 -1.9191764e-02
  3.4797128e-02
 -5.2115938e-04
 -1.1297306e-02
 -1.3052925e-02
  1.9692574e-02
  2.0472235e-03
 -3.2951492e-03
  2.6661912e-02
  3.9441194e-02
  2.8577526e-03
  2.4890324e-02
  9.9740587e-03
  2.0363940e-02
 -4.0028263e-03
 -4.1157980e-03
 -2.2353811e-02
  1.2191685e-02
  5.4358059e-01
  3.6884177e-01
 -4.4590637e-01
 -9.2342831e-02
 -5.6976750e-03
  1.4258510e-01
 -5.5389805e-03
 -2.3404960e-02
 -6.5188840e-02
 -2.3207532e-02
  2.3954526e-02
  6.5165451e-03
  1.2444697e-04
 -1.5198538e-02
 -1.2755152e-02
  1.0897572e-01
  4.5334220e-02
 -3.8957868e-02
  2.2507634e-02
 -3.8731176e-02
 -1.8370131e-01
  3.7566721e-02
  5.3649742e-02
  2.8577104e-02
 -2.8323608e-02
 -1.0741556e-03
  2.3010001e-02
  9.6417451e-03
  6.4733466e-03
  6.5464801e-03
 -1.2112109e-04
  3.3029518e-03
 -4.8693242e-03
 -5.1205559e-04
  4.5693448e-01
 -4.6119792e-03
 -2.3535244e+00
 -2.3826641e-01
 -3.1274867e-01
  7.0328112e-03
 -2.1967152e-01
  1.1215846e-02
  3.8393617e-01
  1.6517835e-02
  1.5627469e-03
 -1.0121720e-01
  2.1983706e-03
 -6.0915638e-02
 -2.7470887e-03
  5.4749367e-03
 -1.5809460e-01
  5.1281467e-02
  2.3248520e-02
 -2.4025643e-01
  3.3585712e-02
  2.0836551e-02
  2.0284396e-02
 -6.0525676e-03
 -3.9677277e-02
 -3.8040925e-03
  1.5805077e-02
  1.6665461e-02
  4.7686398e-03
 -1.7324993e-02
 -7.2836000e-03
 -2.0948442e-02
 -2.5559176e-02
  5.4795817e-03
 -1.0039669e-02
 -2.1246822e-01
  3.1503713e-01
  8.9158154e-01
  6.2067095e-02
 -1.0959128e-01
  2.3428476e-03
  9.2284419e-02
  2.5131566e-02
 -1.6921934e-01
 -1.7206438e-02
 -8.5859913e-03
  8.3577268e-02
  5.5270698e-02
  1.1531285e-02
 -1.0152274e-01
 -1.1677121e-01
  3.2580141e-02
  3.1933894e-03
 -3.0616305e-03
  2.9398408e-02
 -5.6128196e-02
 -6.8765581e-03
  7.9233512e-02
  5.5526793e-03
  1.2790538e-04
 -2.8411511e-02
  3.1328633e-02
  2.7751444e-02
  1.4817315e-02
 -6.2994990e-03
  7.6370193e-03
  7.9735043e-03
  3.8834282e-03
 -8.0972813e-02
 -8.1685996e-03
  1.4509462e-03
 -3.9339803e-02
  3.4576613e-03
 -1.1838751e-02
  1.0545082e-02
 -3.1495879e-03
  1.9666076e-02
 -1.0526212e-02
 -7.6930616e-03
  9.3139643e-03
 -4.1123074e-03
 -1.0348792e-01
  5.8170361e-03
 -9.8632565e-03
 -4.2181791e-04
  3.3217411e-02
 -4.1532754e-03
 -3.6602500e-03
 -7.3737474e-03
  1.1392779e-03
  4.6454160e-03
  1.1734338e-02
  2.1147000e-02
  1.4851834e-02
 -4.3558966e-02
  6.1737560e-03
 -4.2854710e-03
 -1.6724154e-02
  1.0855319e-02
 -4.6282820e-03
  5.2175447e-03
  3.4089948e-03
 -4.9526659e-03
 -4.6677296e-03
 -3.9932188e-02
 -7.7071862e-04
  5.1996568e-03
  2.4397148e-02
 -3.9832833e-01
 -2.6477925e-02
  7.2318371e-03
 -1.4052678e-02
  2.7938563e-02
  6.5299519e-03
  3.2718834e-02
  8.7246522e-03
  1.3559361e-03
  7.1033086e-03
 -4.4207023e-03
  1.5662238e-02
 -3.2002789e-03
 -3.3148952e-02
 -1.5988424e-02
  1.8147080e+00
  2.1804670e-02
 -2.9367083e-04
 -4.3096812e-03
 -1.8049631e-02
  7.4364170e-02
  6.4889709e-03
 -5.8052647e-01
 -6.4784326e-03
  1.7725322e-02
  2.6412189e-02
 -1.2372204e-03
  2.4801833e-03
  1.3635331e-04
  6.6263275e-03
 -1.3788338e-03
  1.2751252e-02
 -2.6580906e-01
  4.5835627e-03
 -1.6174395e-02
  2.5913948e-03
  7.3848568e-02
 -1.2002725e-03
 -3.6876162e-03
 -2.0848941e-02
  1.6776579e-03
 -7.7632051e-03
 -5.4810117e-03
  2.0398150e-01
  1.6062496e-03
 -2.6466176e-01
  1.2809426e-01
 -3.5044223e-03
  1.3310761e+00
 -1.3254771e-01
  9.0460142e-04
 -8.2168449e-03
 -4.5754891e-03
 -9.2542209e-03
 -6.6148478e-01
 -1.1546861e-02
 -2.9511107e-03
  3.3476010e-01
  4.0493608e-01
  2.0930728e-02
  3.2370184e-02
  1.2643377e-01
 -7.4992442e-01
 -2.6737943e-02
  6.9167987e-02
  7.3710615e-03
  1.1727605e+00
  1.8232478e-01
  7.8314197e-01
  1.0521602e-03
 -1.1723811e-01
 -4.8606181e-01
  9.1113651e-01
 -5.9511298e-01
  4.9560776e-01
 -1.5966443e+00
  1.0132701e+00
  6.8935186e-02
  1.2017794e+00
  1.0055395e+00
  5.1033437e-01
  2.3117178e-04
 -7.0095835e-03
  1.3332446e-03
 -2.3134820e+00
  6.8468285e-01
 -2.3195086e-02
 -7.2476232e-01
  9.8175865e-01
 -7.4049842e-01
  1.1064295e-02
 -4.2040823e-03
  1.5355812e-02
  1.8562572e-02
 -4.4783899e-03
  5.5927766e-04
  2.2975313e-02
 -2.7710818e-02
  2.4359308e-02
  1.0794032e-02
 -2.1434477e-02
 -1.3943755e-03
  7.9544820e-03
  8.0307931e-02
 -2.1693510e-01
  3.3742387e-02
  8.5687404e-03
  6.9107670e-01
  9.1942539e-03
 -4.6496796e-03
 -6.6891680e-03
 -5.3032604e-03
  6.3276239e-02
 -3.6433695e-03
 -1.6049756e-02
  3.8088560e-02
 -4.8923669e-03
  5.2571939e-03
 -1.2106875e-02
  1.1433627e-02
  1.0951393e-02
  1.8740272e-02
 -4.0082592e-03
 -6.5363318e-02
 -2.9325828e-02
 -2.7967006e-02
  3.0946370e-02
 -1.5814972e-01
  4.3491504e-01
 -3.5692423e-03
  1.0282261e-02
 -8.9064531e-02
 -1.0319638e-01
  4.1129163e-01
  2.8194574e-01
 -1.7371794e-02
 -8.1041670e-01
  2.7241740e-01
  3.3484071e-01
  3.4408476e-02
  6.6346945e-03
  3.4492025e-01
 -1.5980870e-01
  5.9415728e-01
  1.0697269e-01
 -3.9199893e-03
  3.4779517e-03
  9.3359165e-02
  1.5009081e-01
  1.4731892e-02
 -1.9322924e-03
  7.2622716e-02
  5.6300931e-02
 -1.6838882e-02
  1.2730067e-02
  7.3451949e-03
  5.7989904e-03
 -6.8460166e-02
  1.6356137e-02
 -6.0616261e-03
  1.1271185e-03
  1.0473397e-02
  5.6864965e-01
 -2.1449229e-01
  5.5256002e-03
 -3.0390468e-01
  1.6715488e-01
  1.0187560e+00
 -3.2133013e-01
 -3.9004534e-01
  1.2217701e-02
  6.1089963e-01
 -1.3828298e-01
 -2.2870301e-01
 -9.0192169e-02
  2.7623549e-03
 -2.1915124e-01
  2.9007709e-01
 -5.5080974e-01
  4.1112280e-03
  2.1291930e-02
 -5.5245828e-04
 -3.0004293e-01
 -3.6353633e-01
  1.7266059e-02
 -2.5087875e-01
 -7.5771891e-02
 -2.0573555e-02
  1.8326513e-02
  4.6241703e-03
  3.5855971e-02
  4.8837168e-03
  5.2825935e-02
  4.3271389e-03
 -1.1405993e-02
 -9.5667318e-03
  2.7864135e-03
 -3.6231040e-03
 -2.3245921e-02
  1.7081449e-02
 -5.0235461e-03
  7.2089075e-05
  6.0274415e-03
 -5.9226141e-03
 -1.1890556e-02
  2.9578933e-03
  1.8436462e-02
 -1.1432968e-02
 -5.8679157e-03
  1.3080224e-03
  9.2568379e-03
  2.4275765e-02
 -5.5063237e-03
 -6.9154798e-05
 -1.1269487e-02
 -4.7225039e-03
 -7.0710629e-03
 -1.9178500e-02
  3.9735302e-02
 -2.4111252e-02
 -9.3451096e-03
 -5.8647417e-03
  1.1320597e-01
  2.3901230e-03
 -5.4190592e-03
 -1.8745521e-02
  3.8788596e-03
 -1.1997125e-02
  1.2235680e-02
  8.1717670e-03
  2.9752454e-01
  6.7547350e-03
 -1.2882038e-02
 -1.0667775e-02
  9.8703373e-03
  2.0305291e-03
 -5.3962011e-02
 -1.8094881e-01
 -1.0950306e-02
  9.6827205e-03
 -1.3970163e-02
 -2.9380058e-03
  2.2130767e-02
  1.1825156e-02
 -7.1088583e-03
  1.0845761e-02
 -6.2719891e-03
  2.6657915e-02
  2.8047735e-02
 -3.5235262e-03
  5.6529986e-03
  1.0976020e-02
 -5.3241188e-03
  1.0980175e-02
 -1.3570714e-02
  4.1710533e-02
 -7.7119861e-03
  5.9328345e-03
 -9.5776301e-03
  1.2804812e-02
  1.6833318e-02
 -3.1070109e-03
  3.1473141e-03
 -1.5932508e-02
 -3.1797329e-03
  1.5279561e-02
 -3.2035729e-03
 -1.2944974e-02
 -4.9348989e-01
  7.1074488e-03
  1.9781205e-03
 -4.3521766e-03
  4.1021891e-03
 -7.9979347e-03
 -6.8268389e-03
  3.0074287e-03
  5.2522463e-03
 -7.4934014e-03
 -8.3609549e-03
 -4.7224399e-02
 -2.2219578e-02
 -1.9063246e-02
 -1.8409964e-02
 -7.8909539e-02
 -1.6335163e-03
 -1.6543191e-02
  4.6870690e-03
 -1.0094593e-02
 -5.0898036e-03
  2.1190569e-02
 -7.3415218e-03
 -1.3850737e-02
 -1.4873212e-02
  3.8586366e-03
  8.5284896e-03
 -5.2372660e-03
 -6.0989903e-03
  2.1979187e-04
 -8.8498741e-03
 -2.1934194e-04
  4.3288359e-04
 -2.4552520e-02
 -2.6471715e-03
 -7.5315483e-02
 -4.6860073e-03
 -1.9736004e-03
  8.4766503e-03
  9.2691584e-03
 -4.0578414e-02
 -3.4236111e-02
 -1.5014866e-02
  4.3463722e-02
 -9.2073986e-03
 -1.1489145e-02
  3.3498269e-03
 -2.0254692e-02
 -6.3101342e-03
  6.9290653e-02
 -2.2988468e-02
 -3.5051517e-02
 -2.4110794e-02
 -3.4752363e-01
 -3.1413332e-01
  6.1034746e-03
  2.8589019e-03
  9.0190526e-03
 -3.8230430e-02
 -1.6358726e-02
  1.2548810e-02
  1.7501455e-02
  3.4181250e-03
  4.3464266e-03
  2.0203440e-02
 -7.1848162e-02
 -6.4181848e-03
  1.8149536e-02
  9.1210576e-03
  4.7782538e-03
  2.0375932e-05
 -6.9311145e-03
 -7.0921895e-03
 -8.4755542e-03
  4.5589474e-03
 -8.0332048e-03
 -1.0380991e-02
 -1.4007453e-02
 -5.7348432e-03
  1.0889279e-01
  2.6375898e-03
 -4.4127852e-02
 -2.4623135e-02
  1.1900592e-02
  1.9313207e-02
  7.1425615e-03
  1.0084893e-02
 -6.4108358e-03
  7.3998501e-03
  1.4090776e-02
 -1.6309658e-02
 -7.2127762e-03
 -1.5841156e-02
 -1.2427482e-03
  1.3195511e-02
  7.8274608e-03
 -1.2341726e-02
  7.2713895e-03
  2.1886937e-02
  2.5534725e-02
  2.1711625e-03
  8.2187532e-03
  7.9768533e-03
  3.3675443e-02
 -3.7937772e-03
  1.7004684e-02
  2.0252647e-02
  1.9900091e-03
 -2.7672206e-03
  1.4687902e-02
 -3.3019222e-02
  1.8050482e-02
 -2.1012049e-02
  2.2264135e-03
  1.3743511e-03
  7.0881145e-03
 -2.7809995e-03
  3.5484493e-02
 -8.5803717e-03
  1.7291173e-02
  5.4626195e-03
  9.0708015e-03
  1.6928056e-02
 -5.9900307e-03
  2.7565581e-01
 -2.2886863e-03
  1.6423438e-02
  8.3856024e-03
 -1.4786595e-02
  2.0292620e-03
 -1.2775018e-03
 -5.8273301e-03
  2.7388304e-02
 -1.6581416e-02
  4.0806428e-02
  4.1548768e-03
  9.8606646e-03
 -1.9191956e-02
 -7.5411717e-03
  1.2903679e-02
  6.0750257e-02
  1.3677356e-01
  2.8027080e-02
 -9.7232843e-03
 -8.3068409e-04
  1.4926103e-02
  5.7405913e-03
 -5.3510605e-03
 -1.3720132e-02
 -1.5743274e-02
 -1.7712094e-02
 -1.6953031e-03
  1.9072127e-03
 -8.2584145e-03
  3.6052775e-03
 -4.7969334e-03
 -1.7565232e-03
 -8.8084089e-03
 -1.2029626e-03
  3.2018639e-02
 -1.7853526e-02
 -3.4828316e-02
  1.1311617e-02
 -2.4961824e-02
 -2.8652903e-03
 -2.3411816e-02
  2.2685383e-02
 -4.4304543e-04
 -8.2935886e-03
  9.2258789e-03
  1.7969251e-04
 -8.0368621e-03
  1.1790644e-03
  2.0082274e-03
  9.7656280e-01
 -1.1311260e+00
 -1.9802637e-02
  1.4636594e+00
  3.9714023e-01
  8.6011094e-01
 -7.2981663e-02
 -5.1197559e-01
  4.1302684e-01
  4.5590296e-01
  7.8969318e-01
 -6.3872975e-03
 -3.2503437e-02
 -1.1371062e-02
 -6.9777280e-02
  1.1649913e+00
  1.4119059e-01
  4.3278164e-03
 -2.8943093e-03
 -2.2520747e-03
  1.6407443e+00
 -2.1020001e-01
  4.9719866e-02
  1.1703608e-02
  2.0947603e-03
  1.0823055e-02
  1.0386585e-05
 -2.8296364e-02
  3.7289322e-03
 -6.6507100e-03
 -3.6017136e-03
  1.1545465e-03
 -1.3653651e-02
 -2.8036674e-03
 -7.9618237e-04
  5.2542429e-02
 -2.8526729e-01
 -3.1740791e-03
 -1.0937066e-02
 -3.5270082e-03
  8.5531034e-02
 -1.4915295e-01
 -2.9694280e-01
 -1.0686504e-02
  1.8756853e-01
 -1.5330237e-01
 -1.2055579e-01
 -9.0291560e-02
  5.6249565e-03
 -2.3760868e-02
 -1.7844090e-02
 -8.7551020e-02
 -4.8455235e-02
  7.2223586e-03
  8.1012640e-03
  4.2919166e-02
 -5.0292373e-02
  8.2716672e-03
 -3.2243251e-03
  9.0529891e-03
  1.5051618e-03
  2.2585818e-03
 -2.2631623e-02
 -1.9520379e-03
  3.1679154e-03
  4.0406141e-02
  5.5925096e-03
  3.8557783e-02
  1.0245736e-02
  2.1230130e-02
 -2.0807635e-02
 -6.1368936e-04
  1.3507289e-03
 -1.7499531e-02
 -5.3553609e-03
  1.8960485e-02
  8.5961288e-03
  1.1088469e-02
 -8.0760363e-03
  9.1497386e-03
  8.3774291e-03
  1.2856903e-02
 -5.7702940e-03
  1.1768351e-02
 -1.0606292e-02
  3.4175825e-03
 -9.9892691e-03
 -7.4795107e-03
 -1.4316396e-02
 -7.9484293e-03
 -1.7256918e-03
  4.9579576e-02
  4.9887458e-04
 -1.5809957e-03
  6.2839705e-01
 -5.5129742e-03
 -9.2810337e-03
 -1.4318193e-02
  3.9969845e-04
 -2.6213653e-02
 -1.8085929e-03
  2.7322307e-02
 -1.4224336e-03
 -5.8720405e-03
 -9.7391894e-03
 -2.3649544e-02
 -6.0208541e-01
  3.7376084e-03
  5.2086804e-03
  1.3021104e-02
 -7.6354764e-02
  8.1718015e-03
  5.0644979e-02
  7.9468377e-03
 -1.5995571e-02
  1.5250054e-01
  4.5573153e-03
  3.1043829e-02
  6.4918385e-03
 -5.6408732e-03
  1.5718706e-02
 -5.2140104e-03
 -8.4522683e-03
 -2.8222078e-03
 -1.5190304e-03
  5.1283062e-01
 -3.6697946e-03
  2.6421729e-02
  6.6571338e-03
 -1.1803230e-03
  2.0625101e-01
  1.9151272e-03
  9.1267703e-03
 -1.8931823e-03
  4.4611762e-03
 -1.2902645e-02
 -4.8811701e-03
 -1.2936006e-02
 -1.7643318e-02
 -2.0778544e-02
 -1.5583116e-02
  2.8260930e-03
 -5.5272800e-01
  1.9509545e-02
  1.1220641e-02
  1.4041795e-01
 -4.0111579e-02
 -1.0874121e-02
 -3.4704839e-03
  1.1921173e-01
 -4.6065349e-02
 -1.5529209e-04
 -1.2780420e-03
 -7.6251430e-03
 -3.7998877e-02
 -7.2079613e-03
  7.4405847e-03
 -4.6682437e-03
 -1.7514713e-02
  8.9722713e-03
  1.1856433e-01
 -1.1950036e-02
 -1.0175236e-02
  9.2116963e-05
 -5.1826574e-03
 -9.8864618e-04
  1.3696252e-03
 -1.7781690e-02
 -1.8607868e-03
 -8.3609791e-03
  1.7260448e-03
 -4.2986255e-03
  2.3650426e-02
  2.2924803e-02
 -5.4186512e-02
 -1.3767190e-03
 -3.0044416e-02
 -4.5705898e-04
  2.4263856e-03
  1.2349674e-02
  6.2689823e-03
 -1.1502570e-02
  3.7232652e-01
  9.8289950e-03
 -1.2931081e-02
  3.9591510e-03
  2.4601907e-02
 -2.4782765e-01
 -2.4815963e-03
  2.1185562e-02
 -7.0003985e-04
  1.5881069e-01
  1.8379390e-02
 -6.3272216e-03
  1.4111454e-02
  1.0427415e-02
  3.5965547e-03
 -2.5702952e-03
  1.1908001e-02
 -7.3407497e-03
 -2.3031302e-02
 -3.6430159e-03
 -1.3689273e-03
  4.3713730e-03
  5.4636966e-02
 -3.2434300e-02
  1.1321777e-02
 -2.7849454e-02
  1.4131649e+00
  6.5066633e-03
 -3.1195939e-01
  1.3020517e-01
 -1.4443039e-02
  1.4448663e-03
 -1.4688696e-02
 -5.5044379e-02
  4.0094737e-02
  1.2659210e-01
 -8.1816642e-03
 -4.0313508e-02
 -3.0116355e-03
  2.5971174e-02
  4.3130093e-03
 -1.1001861e-02
  3.0077066e-02
  2.2548436e-01
  1.3948041e-02
 -5.2912766e-03
 -1.0476480e-01
  4.6793898e-03
  6.3384992e-01
  5.3776777e-01
  1.2716059e-02
  2.4182124e-02
  2.3340244e-02
 -1.0307902e-02
  9.5936153e-03
  2.5733348e-03
 -8.9627374e-03
  8.2318028e-03
  2.0793533e-02
 -7.9130987e-03
  1.5307809e-02
 -1.2081016e-03
 -8.6686052e-03
  9.7026182e-03
 -2.3953292e-01
  7.9492079e-03
 -2.2384040e-02
  1.0136603e-02
 -3.3767829e-03
 -6.1844904e-02
 -4.0065400e-02
 -2.6283164e-02
  1.6987786e-02
 -1.0719693e-02
  9.5297005e-03
 -5.6418730e-03
  6.3471352e-03
 -4.7900081e-03
 -1.3879410e-02
 -1.1837337e-02
  1.7585664e-04
  3.2202292e-02
 -3.0366529e-02
  1.8222720e-03
  1.9841293e-04
 -9.6709691e-03
  4.1336049e-03
 -3.1906158e-02
  1.2376051e-02
 -1.5552163e-02
 -1.4631266e-02
 -7.2741066e-03
 -1.7873807e-02
  1.1060236e-02
  2.0992458e-02
 -1.7371248e-04
 -2.3859406e-02
 -6.7511508e-03
  5.2614968e-02
 -3.9539257e-01
  3.7811582e-03
 -9.1691343e-03
  3.0554379e-03
  1.6451636e-01
 -1.5350170e-01
 -1.1404678e-01
 -1.4144382e-02
  1.6977730e-01
 -2.8484195e-01
 -6.1129862e-03
 -3.0438025e-02
  1.3775273e-03
 -4.9004931e-02
  1.0356466e-01
 -1.9530120e-01
 -3.6798429e-03
 -9.9657206e-03
  1.8857167e-03
  3.3200860e-01
 -5.5129356e-03
 -5.1100818e-03
 -5.9569353e-04
 -2.1550579e-03
  5.2278466e-03
  7.5383778e-03
  6.0968366e-03
  3.5254456e-02
  4.3133027e-03
  3.5932723e-02
 -8.2812384e-03
  1.3558410e-02
  1.2354043e-02
 -4.9497146e-04
 -3.4980342e-02
  4.3172552e-03
 -2.4564309e-02
 -4.8843864e-04
  1.5213909e-02
 -3.8404116e-01
  2.8295567e-02
  4.2092785e-01
 -5.1762797e-03
 -1.8817851e-02
  2.0780379e-03
  1.2599629e-02
  2.9688745e-03
  4.5931353e-03
 -2.8095515e-03
  2.4412248e-02
  3.2445338e-02
 -5.8144261e-03
  9.4633885e-03
 -3.3023571e-05
  3.7951541e-01
  3.1940185e-02
  5.8944849e-03
  1.4602698e-03
  7.1775308e-03
  1.2789090e-02
 -7.8793289e-03
  3.2075989e-04
  3.2037722e-03
 -3.3554162e-03
  1.9796064e-02
  2.9071630e-03
  2.3752642e-03
 -1.9259857e-02
 -1.2381583e-02
  1.6580585e-02
 -2.6081234e-02
 -6.4465557e-03
 -1.1996739e-02
 -8.9458600e-03
 -1.8974569e-01
  9.2681414e-03
  4.2964339e-02
 -1.5528022e-02
  3.1521260e-03
  1.7596923e-02
 -3.4587404e-03
 -6.0638308e-04
 -1.0524028e-02
  1.1240370e-01
 -4.6772826e-03
  1.7246379e+00
  1.2857892e-03
  2.6959207e-02
  1.0578786e-02
  1.3832537e-02
 -9.4982708e-04
  3.0189226e-04
 -2.4319747e-03
 -4.5684758e-03
 -1.1701537e-02
 -3.5073962e-02
  8.7807551e-03
 -1.1487781e-02
 -3.0676920e-03
 -8.3985906e-03
 -1.2060421e-02
 -4.4773812e-03
 -2.6906319e-02
  7.8268601e-03
 -3.3222940e-02
  1.3752972e-02
 -1.8377071e-02
  1.8537857e-03
 -2.1470554e-02
 -3.9571096e-04
 -6.3245026e-03
 -1.4119852e-02
  2.2142811e-02
 -1.2926189e-02
  6.8448938e-02
 -1.4033632e-02
 -1.5338704e-02
  9.8910183e-03
 -1.0266442e-02
 -7.9769408e-03
 -7.0036756e-04
  2.2410829e-02
 -9.6442485e-03
  3.2251209e-03
  7.9979785e-03
  1.9118622e-03
 -4.9377517e-03
 -5.9262891e-03
  3.3419239e-03
 -9.0697687e-03
  3.8797747e-02
  7.4267024e-03
  3.9054109e-03
  8.7412400e-03
 -1.3454161e-04
 -3.9478461e-03
 -6.2028854e-03
  1.4258148e-03
 -5.9099826e-03
  3.0992448e-03
  6.4883918e-01
  3.3725132e-03
 -6.2077111e-03
 -1.3914362e-03
 -2.7230421e-02
 -2.0788154e-02
  1.3782792e-02
 -2.5112997e-03
  2.1064583e-02
  6.6489903e-03
 -8.3327928e-04
  1.1039830e-03
  9.4418284e-03
 -1.2101326e-03
 -3.9709858e-03
 -3.7091032e-02
  2.4389140e-03
 -2.8176744e-02
 -2.7184200e-03
 -6.2806974e-03
  2.1151260e-03
 -2.9693651e-03
 -4.4881451e-04
  4.0452844e-03
 -8.1631163e-04
 -2.5174845e-02
  5.5576992e-01
 -6.2857370e-04
  1.5472650e-02
 -2.1420717e-02
 -3.4129564e-03
  3.0535830e-02
  1.1439634e-02
  2.0215616e-03
 -1.0685449e-01
  3.2978034e-01
  4.7823112e-03
 -3.0263020e-02
  2.4082791e-04
 -2.3278259e-01
  1.8452772e-01
  1.6709726e-01
 -1.7085226e-02
 -2.2624710e-01
  2.1394755e-01
  2.3481232e-01
  1.7391470e-03
 -5.7073822e-03
  2.0307040e-01
 -1.4616791e-02
  1.2131941e-01
  5.2790519e-02
 -7.0172348e-03
  1.0799063e-02
  7.9729140e-01
  8.7918073e-02
 -2.6330490e-02
 -1.8981986e-02
  9.7875968e-03
 -3.7395481e-02
 -1.5795710e-03
 -1.3699220e-02
 -7.9831118e-03
 -8.2775429e-03
 -2.8244944e-03
  3.3652149e-03
  9.2495345e-03
  1.4431427e-03
 -1.3714666e-02
 -1.0082285e-02
  3.0917255e-02
  1.8743312e-03
 -1.3554553e-02
  1.3824836e-03
 -5.3779590e-03
  3.5510443e-03
  1.8072668e-02
 -1.6282789e-02
 -5.0004747e-02
  4.1994206e-03
  1.5295777e-02
 -7.1435790e-03
 -1.7834859e-02
  2.6165871e-02
  9.1584576e-03
  2.0915698e-02
  3.7383658e-04
 -4.7209202e-03
  2.6822500e-03
  1.9468098e-03
 -3.6887190e-04
  1.2013031e-03
  7.8801215e-03
 -5.5960012e-03
  6.3595525e-03
 -1.5044326e-04
 -4.9113920e-03
 -1.1824083e-02
 -4.9100600e-02
 -2.7582703e-02
  9.0534531e-04
  3.3493249e-03
 -1.2657829e-03
  1.5048166e-02
 -3.7741713e-02
 -4.4753719e-03
 -6.5841139e-03
  1.1576965e-02
 -2.6991102e-03
 -1.4934982e-01
  6.7237258e-04
  7.9664700e-03
 -1.4703448e-02
 -1.0826532e-02
  1.7528282e-01
 -1.0201454e-02
  1.6094540e-03
  1.5885379e-02
 -2.5804901e-02
  7.5679678e-03
  1.2121863e-02
  2.8102447e-03
 -1.3541549e-02
  2.1877989e-02
 -7.9422794e-02
  3.9449360e-02
  1.3793876e-02
  8.7791523e-03
 -1.6507911e-02
  2.2212982e-02
 -9.3181571e-03
  2.1042784e-03
 -1.9735880e-03
  2.5538269e-03
  1.1261926e-02
  2.5692783e-02
  5.7885875e-03
  2.0609085e-02
  3.3461642e-03
 -1.2412531e-03
  5.6449702e-04
 -4.9834009e-03
  1.4803153e-01
  1.3934240e-03
 -4.7778957e-02
  3.5706431e-02
  1.0135609e-01
 -5.5356678e-03
 -6.9597505e-02
  1.3519660e-02
  2.6899828e-02
 -4.2742010e-02
  1.0515315e-02
 -5.0145038e-03
 -2.9606460e-02
  5.4075148e-02
  2.4172613e-02
  3.3910600e-03
  1.5040264e-02
  1.7065504e-01
  6.5700938e-03
  1.0510491e-03
  8.0249734e-02
 -5.6558424e-03
  3.9635759e-02
  2.9025930e-03
 -1.2574187e-02
 -7.7682217e-03
  1.6592974e-03
  2.4139056e-02
 -4.0153477e-02
 -4.8320848e-03
 -9.5871007e-03
 -2.1994156e-03
 -1.3441463e-02
  2.6418200e-02
  1.4450161e-03
 -6.9130948e-03
 -2.0943673e-01
 -9.0158023e-03
 -3.2202781e-03
 -1.3220194e-02
  2.4781176e-03
 -1.3156546e-02
  1.5206042e-03
 -7.5825923e-03
  1.3744297e-03
  4.6127856e-02
  1.7853359e-02
 -8.6968839e-03
  2.4072588e-03
 -1.4659024e-02
  1.0421765e-01
  1.6066383e-03
  2.2375692e-02
  8.1774108e-03
 -1.1713167e-02
 -2.9316319e-03
 -8.1345364e-03
  2.4663974e-02
 -3.1703040e-03
  3.2980703e-03
  1.8074913e-03
 -3.2237938e-03
  2.3570011e-04
  2.8472636e-02
  1.7367275e-02
  2.0267696e-03
  1.1109412e-02
 -5.6476514e-03
  1.5494253e-02
  1.3539399e-03
 -5.5212969e-01
  1.2200629e-02
 -3.6893878e-03
 -1.3547105e-01
 -8.5036219e-05
  7.6672519e-03
 -1.0135690e-03
  1.1529081e-02
  3.3579476e-03
  2.8303456e-02
 -4.2574601e-03
 -1.1124714e-02
 -2.0996232e-02
  1.4005255e-02
  1.2396972e-03
  1.4379660e-02
 -3.7106171e-02
 -9.2787454e-03
  2.1035196e-03
 -1.4120805e-02
  1.1650696e-02
  4.6158982e-03
 -4.6050228e-02
  2.5970698e-03
 -1.3054742e-02
  1.7296420e-02
  2.3856683e-02
 -2.3714907e-02
  6.9554527e-03
  1.5483623e-03
 -4.2712609e-03
  8.5756602e-03
 -2.8535014e-04
 -5.6093074e-02
 -1.2100969e-03
 -4.0293586e-02
  5.5820136e-03
 -1.8261849e-03
 -7.4208654e-03
 -5.8701679e-02
 -9.2999125e-03
  3.9743803e-02
  2.2973244e-03
 -4.3141633e-02
 -7.4208975e-03
 -6.3822903e-03
 -9.9450070e-01
 -3.2500535e-02
 -2.3821779e-02
 -5.0374023e-03
  9.5734922e-03
  9.4713783e-03
 -6.8845443e-04
 -2.5740990e-03
  3.8770592e-04
  1.3002480e-04
  5.6910482e-03
 -2.0265183e-03
  8.8205375e-03
  2.3367284e-03
 -2.0074740e-03
 -1.6481696e-02
 -2.2050717e-03
  1.7239165e-02
 -1.0123029e-02
 -1.9861666e-02
  1.0732094e-02
  1.8114697e-02
 -7.9612121e-02
 -6.0814507e-02
 -4.4478853e-03
  4.4939374e-03
  2.6086451e-02
  8.2734339e-03
  1.3713613e-02
  3.9280080e-03
  3.1330648e-03
  1.1202098e-01
  9.3100704e-02
  1.4167766e-03
  8.3640935e-03
 -1.0664946e-02
  4.2094802e-04
 -7.8869589e-02
  8.3474005e-03
  1.7983925e-01
  3.9470099e-02
  3.9313963e-01
 -5.5990964e-03
  2.7620136e-03
  9.4558122e-03
 -1.7001712e-03
  8.8765360e-02
  3.5575128e-03
  1.8537480e-01
 -7.8348584e-02
 -5.4453649e-02
  1.1601190e-01
  1.7197807e+00
 -1.3115553e+00
 -2.0418920e-02
  4.2766783e-02
 -1.9394141e-01
 -2.9957917e-01
  8.5536493e-03
  2.3070010e-03
  4.3046302e-03
 -1.4368356e+00
 -7.3361844e-01
  2.1120481e-02
  3.8311106e-01
 -2.6954597e-01
  7.9984508e-02
  5.9532052e-01
 -2.0133215e-01
 -7.2755718e-01
  3.4388441e-01
  3.6773607e-01
 -4.2395856e-02
  1.1217453e-01
  8.4178060e-01
  5.7515274e-03
  2.0041904e-01
  3.1921056e-01
 -7.3177218e-03
  1.4588351e-02
 -3.0767262e-01
 -8.2361912e-03
 -5.8138473e-03
  5.9889304e-03
 -3.8797541e-03
 -6.0417458e-02
 -1.9521724e-02
 -2.6244705e-04
  7.5227609e-03
  2.3489561e-02
  8.1649292e-03
 -3.7383928e-03
 -6.3576414e-03
  1.6182084e-03
  5.2946545e-03
  1.8988795e-03
  4.8495681e-04
  9.7016394e-03
 -4.0856525e-02
  2.0974683e-02
  1.7821312e-02
  1.0528105e-02
 -2.1605201e-03
  1.4828997e-02
 -1.7392689e-02
 -7.5052334e-03
  2.8660024e-02
  1.4036113e-02
 -2.7231555e-03
  1.7589308e-02
 -8.4605522e-04
 -2.3350366e-03
 -5.7864077e-03
  9.8225670e-03
 -1.0413474e-02
 -1.1489796e-02
 -1.0194170e+00
 -1.1543398e+00
 -6.3446009e-01
  3.7162596e-01
 -1.8503348e+00
 -1.2888348e+00
  3.0001307e-01
  5.6132682e-02
  4.3551505e-01
  1.0235429e+00
 -6.9036853e-01
  2.9326832e-01
  2.1976119e-01
  8.1143880e-01
  4.4837603e-01
 -1.0779010e+00
 -4.7397125e-01
  2.2257869e-01
  1.5650971e+00
  8.5771054e-02
 -1.0126154e+00
  6.1263889e-01
  1.1341435e-01
  9.6140571e-02
 -1.1070503e-02
 -4.2821936e-02
 -4.9641840e-03
  1.3416054e-02
 -7.1439520e-02
 -1.4815767e-02
  5.7973941e-03
 -4.0783163e-02
 -3.7296573e-03
 -5.1623359e-03
 -1.0977911e-02
  3.4516034e-01
 -5.9763938e-01
  9.2779860e-02
  4.5223841e-01
  4.8077834e-01
  5.4608727e-01
 -2.1922667e-01
 -1.5292085e-02
 -1.7709295e-01
  7.2054482e-01
  4.3485120e-01
 -4.0360719e-02
 -2.1978213e-02
 -5.3739065e-01
  2.2732775e-01
  6.0603946e-01
  8.8697737e-01
 -4.8927104e-01
 -4.9976707e-03
 -1.2813391e-01
  1.8201235e-01
  5.8545643e-01
  1.2663346e-02
 -4.5405753e-02
 -5.8462646e-02
  4.1691042e-02
 -1.0972142e-02
  2.1673271e-02
  8.7479223e-04
  1.2029218e-01
 -1.0570099e-02
 -4.4290391e-03
 -1.6510161e-03
 -2.8408325e-04
  9.1363685e-03
  3.7539142e-01
 -7.4136084e-01
  1.3204223e-04
  7.0295393e-02
 -6.1283247e-03
 -3.2008049e-01
  1.6374812e-02
 -6.7872154e-03
  5.8197219e-02
 -8.0936551e-01
  5.0416291e-02
  2.4983740e-01
  3.3082005e-02
  4.0426865e-02
 -3.6168718e-03
 -3.2309708e-01
  3.4653873e-03
  2.9882532e-02
 -2.9951083e-03
  7.0845028e-03
 -9.3299523e-02
 -1.1810454e-01
  6.4010406e-03
  9.9390848e-03
 -2.0017169e-02
 -5.9459899e-03
 -1.8532956e-02
 -4.7431299e-03
 -2.5650013e-02
 -8.0359038e-03
 -2.5014739e-02
  1.6605731e-02
 -1.2819906e-02
 -2.3554000e-03
 -9.0721482e-03
 -6.3802052e-01
  5.7223713e-01
  2.1215305e-01
 -1.3960838e-01
 -3.8674074e-01
 -4.4154844e-01
  1.2996492e+00
 -1.0644597e-03
  7.1729130e-01
  7.3830006e-03
  4.2455988e-03
  4.4877100e-01
 -2.3229076e-02
  1.4523721e-01
 -4.9597976e-01
 -4.9978545e-01
 -3.0627537e-01
 -1.0656036e+00
  7.4102992e-01
 -1.8781954e-01
 -4.8297477e-01
 -7.3089457e-01
  1.3582735e-02
  5.2084583e-01
  4.2091422e-02
 -2.8413605e-02
 -2.0541580e-02
 -4.1877353e-03
 -2.8907513e-02
  8.9921942e-03
  4.0493693e-02
 -6.0924301e-03
  2.6061131e-02
 -8.2533603e-04
  7.6392326e-03
 -7.9173788e-02
 -1.2349004e-02
  1.6102178e-03
  1.0685854e-01
  2.6533292e-03
  6.0085999e-03
 -1.9689105e-02
 -2.9540289e-02
 -4.5194253e-02
  8.2975747e-03
 -1.5967911e-02
 -2.1099759e-02
 -1.1414026e+00
 -1.2761356e-02
  5.9368182e-03
 -6.4435145e-03
 -1.7707169e-02
 -2.5545767e-02
 -5.3662560e-03
  8.6770775e-03
  6.8012007e-02
 -6.8859652e-02
  1.1079248e-02
  1.7691726e-02
 -1.8942695e-03
  3.7731777e-03
  1.2404124e-01
 -2.1963431e-03
  1.0678750e-02
  3.0666079e-02
 -4.3066642e-03
 -6.4541735e-03
  7.1824916e-02
  4.4250689e-03
  1.8926095e-02
 -1.4606580e-02
 -4.0612291e-03
 -1.6717220e-02
  1.2382877e-02
 -4.4694092e-02
  9.1178578e-01
 -3.9629946e-03
  1.3687289e-03
  1.4730192e-02
 -5.0599659e-03
  4.9702674e-02
  3.2688370e-03
 -1.3572851e-02
 -5.6693112e-03
 -4.5456267e-03
 -1.5039138e-03
  1.5348251e-02
  7.4780094e-03
  7.7032782e-03
 -6.4766072e-03
 -8.1490073e-03
 -2.6334850e-02
  2.9127900e-02
 -2.7767852e-02
  2.1172415e-03
  6.6050924e-03
  1.2299956e-02
 -3.7707511e-02
 -5.3581870e-03
 -2.1709422e-02
  2.8554276e-02
 -4.7163330e-03
 -2.4649152e-01
 -8.4319189e-03
 -5.5013797e-03
  2.0915744e-04
 -5.7056600e-01
 -6.5644461e-01
 -1.0540219e-01
 -2.7791934e-02
  3.4728318e-03
  2.4407911e-03
  3.8291700e-03
 -1.8992234e-02
 -2.2987127e-02
 -5.0577591e-03
  1.9157259e-02
 -9.1399346e-03
  1.7334968e-02
 -2.3970280e-03
 -6.4533316e-03
 -4.1422803e-02
 -8.8875126e-03
  2.1657009e-02
 -5.8905110e-03
 -4.0019718e-03
  4.6760598e-03
  1.2929146e-02
 -3.6875564e-03
  1.0337407e-02
  1.2161748e-02
  2.8510387e-03
  1.1534923e-02
 -2.4492059e-02
 -1.5213349e-02
 -1.1011182e-02
  8.9742048e-03
  7.1828295e-03
  1.1810182e-02
 -7.2728680e-03
  1.0808271e+00
 -3.6497247e-01
 -2.7466449e-01
  1.3695072e-01
  1.7749434e+00
  3.5414135e-01
  2.9096699e-01
 -2.1911612e+00
 -4.6863919e-01
  8.5343999e-01
 -5.6918088e-02
 -6.6722184e-01
 -7.4949622e-01
 -1.6919430e+00
  1.1526532e+00
  7.2386980e-01
 -1.5332584e+00
 -3.4429485e-03
  6.1360333e-02
  8.9080982e-02
  5.5082542e-01
 -6.1992139e-01
 -3.0773995e-02
 -5.8244377e-02
 -7.9660742e-03
 -2.9873708e-03
 -8.4351073e-04
  3.9050564e-02
  7.2202563e-02
  7.6641683e-03
 -6.7614560e-04
 -6.8754978e-03
  1.6524086e-02
  8.5156586e-04
  2.1566570e-02
  2.8303832e-02
 -1.4145088e-01
  4.6739939e-01
 -3.0671537e-04
  9.9307680e-01
 -6.6339602e-03
 -3.4241509e-02
  2.2336906e-02
  8.8433232e-03
  1.8972516e-01
 -3.8029000e-03
  8.5826553e-03
 -7.3651792e-03
  1.6589530e-02
 -4.3634120e-02
 -8.7778055e-04
 -2.1532495e-01
  4.1437931e-03
  2.7117064e-02
  8.2107162e-01
  2.0452499e-01
 -7.6386325e-02
 -8.1104357e-03
 -6.6297986e-03
 -3.0738903e-02
  1.4233174e-03
  2.0059876e-03
 -6.6920151e-03
  3.1464510e-02
  2.2835974e-03
  5.0949639e-05
  9.0910746e-03
  1.1262121e-02
  1.9052433e-02
  6.7798584e-03
  1.0735036e-02
 -4.5219967e-03
 -4.3728511e-04
 -1.0375198e-02
  2.1380836e-03
 -2.9556325e-03
  1.0591679e-03
  1.4519314e-03
  1.3463126e-02
 -5.3980827e-02
 -5.8192620e-03
  2.7181737e-03
 -1.4499621e-02
 -1.7613793e-02
  2.6265759e-04
 -4.7964947e-03
  8.7608313e-03
 -1.3366515e-03
 -1.8120654e-02
 -8.3255759e-03
  2.1266010e-02
  1.6964885e-03
  1.4336557e-02
  1.2945622e-02
 -1.2534520e-02
 -1.8861534e-02
 -3.0365710e-03
 -7.8707011e-03
  1.8848414e-02
  1.4672960e-03
  5.0201121e-04
 -7.2682151e-03
  3.8488531e-03
 -7.1410094e-03
  1.0842262e-02
 -8.0110794e-03
 -1.3619109e-02
  1.3090359e-03
 -7.4504660e-03
 -6.7094727e-03
  2.3437582e-02
 -2.0320718e-03
 -8.9649735e-03
  5.7702712e-03
 -4.6169390e-03
 -7.5061051e-03
 -2.5767270e-02
 -2.1052567e-02
  1.5334188e-03
 -9.0526063e-03
  5.5856332e-03
 -2.0326127e-04
  3.8724288e-01
 -2.6984742e-02
 -2.6351284e-02
  4.0232423e-03
  5.7091354e-03
 -8.2384245e-03
 -4.6310266e-03
  4.3851444e-03
  4.3489723e-03
 -9.1254832e-03
  3.5449374e-02
  1.4105192e-01
  5.6261560e-03
  6.9664512e-03
  1.6689902e-02
 -4.6462226e-03
  3.4967225e-02
  1.9481424e-02
  4.1073709e+00
 -4.4546448e-02
  1.7358696e+00
 -2.1066499e+00
  1.5271817e-01
 -9.5283635e-02
 -1.4801426e-01
 -1.8232197e-01
 -2.0345669e+00
 -2.0208752e+00
  3.8885813e-02
 -1.6931397e-01
 -2.2257341e-02
 -4.3203059e-01
 -9.7718555e-01
 -3.2460058e-01
  4.0042095e-02
  5.6819841e-03
 -3.5645643e-01
  9.2193134e-02
 -2.8965116e-01
 -4.0449739e-01
  6.4359778e-01
  4.5592189e-01
 -1.4554890e-01
 -2.8856540e-01
  4.3064109e-03
 -2.0999581e-01
 -1.6144580e-01
 -2.4851081e-01
 -1.4085717e-02
 -3.7122689e-02
 -7.1349245e-01
 -1.3585226e-01
  1.9784006e-01
  7.9148996e-01
  2.5148568e-01
 -4.1340715e-01
  2.7973816e-01
 -5.3590912e-01
  4.8821062e-02
  1.2126399e-01
  1.4348359e-01
  5.2976114e-01
  3.0089345e+00
  2.2548494e-01
 -1.5979993e-01
  6.2433922e-01
 -1.5874217e-01
  2.8569889e+00
 -5.2575473e-02
 -9.7501829e-02
  1.2942374e+00
  1.1791486e-01
  1.6511511e+00
 -5.2008808e-01
 -7.2660372e-02
  1.4357942e-02
 -8.7899692e-02
  5.9706199e-01
 -2.1011837e-01
 -5.6556035e-02
 -3.5502429e-03
 -2.8727639e-01
 -5.2437454e-01
  1.6064899e-02
 -2.1998396e-02
 -2.4551006e-03
  2.6592808e-02
  3.6726195e-02
 -1.0148043e-01
 -9.7153559e-03
  3.0545297e-01
  1.2261085e-02
  1.1006999e+00
 -4.7783218e-03
 -2.1493074e-02
  7.6931588e-02
 -1.4185117e-02
 -3.3216458e-02
 -4.2696893e-01
 -3.1463856e-01
 -4.2337433e-01
 -2.2846982e-01
  1.5669700e-02
  3.2191095e-04
 -2.8818712e-02
 -3.2631210e-03
 -7.6287299e-02
 -1.3170630e-01
  5.8594197e-02
  5.8679372e-01
 -1.5776919e-03
  3.3905510e-02
 -2.4906490e-02
  1.7886241e-04
  3.2983702e-02
 -3.1322166e-03
  4.6583056e-03
  3.2004021e-02
 -3.2099606e-03
 -2.8319633e-01
  1.8032553e-02
 -1.6436366e-02
  1.6897624e-02
 -7.5732297e-01
  1.6048910e-01
 -5.8283114e-01
  4.2647723e-02
  1.7221905e+00
  4.3165557e-02
 -2.9087102e-02
  5.0070494e-01
 -2.5441942e-01
  1.2293388e+00
 -3.7844885e-02
 -5.7187185e-02
  4.5055669e-02
 -8.9616001e-02
  3.2314131e-01
  3.2443246e-01
 -2.0399849e-01
  2.5652114e-03
 -7.9698426e-01
 -8.6519200e-01
  4.3442521e-02
 -9.8955914e-02
  5.8766878e-03
 -1.2659432e-02
 -1.0202427e+00
  4.0145729e-02
  3.4651704e-02
  3.7052485e-03
 -1.9378997e-02
 -4.9157892e-03
 -5.2099405e-03
 -1.0776128e-02
 -3.3729610e-03
  3.9458261e-03
  4.5062747e-02
  1.6158174e+00
  2.3786888e-01
  1.0640424e-01
 -4.1174123e-01
  8.1015092e-01
 -3.6661682e-01
 -5.6154954e-01
 -3.5615289e-01
 -2.3742759e-01
  5.8056861e-02
 -2.0554562e+00
  1.5539549e-01
 -2.5613701e-01
 -9.1264442e-02
  6.8069732e-01
 -2.2545175e-01
  5.4373664e-01
  1.8717960e-02
 -1.7235024e-01
 -4.7678781e-01
 -4.7121412e-01
  5.6250340e-01
  1.7471245e-02
 -8.9088470e-02
 -2.3439968e-01
 -1.8499283e-02
  5.8427471e-04
  4.6309238e-04
 -1.9708786e-02
  1.0602924e-02
 -1.4681727e-02
 -9.2641450e-03
  1.4889751e-03
 -9.7141303e-03
 -9.2883827e-03
 -3.6982436e-02
  3.0395184e-02
 -4.1445047e-03
  1.1275803e-02
  8.1529346e-04
  6.1556533e-02
 -1.6194170e-02
 -3.7605252e-02
  8.6117631e-01
  1.9956743e-02
  7.4627640e-04
 -3.2481197e-02
  1.5842917e-03
 -2.8453240e-02
  3.3875044e-02
  1.2506521e-02
 -6.6546234e-03
 -3.0239301e-03
 -1.0428311e-02
 -3.4203799e-03
 -4.1625174e-03
  2.0794380e-02
  1.8629229e-02
  2.9057639e-03
 -2.4240673e-02
  2.6540369e-02
  3.9878357e-03
 -1.0057773e-02
 -2.3412794e-02
  6.7360029e-03
 -1.0846064e-02
 -4.0606079e-03
  1.3490213e-03
  4.1118101e-03
  3.5960258e-03
 -1.5804080e-02
  2.1545957e-01
 -2.5654979e-02
  6.3805273e-03
 -8.7742480e-03
 -5.7216943e-03
 -6.0551433e-04
 -3.3669598e-02
  8.6452609e-01
 -6.2870393e-03
 -2.2604540e-02
  1.3006684e-02
 -2.1172257e-02
  1.9465426e-02
  4.0247146e-02
 -3.9497325e-03
 -8.1871552e-03
  3.7796360e-02
 -1.2041220e-02
 -1.7512722e-03
  6.0674506e-03
 -4.1334676e-03
 -1.4622451e-03
  3.8867552e-02
  4.0633059e-03
 -7.8741675e-03
 -3.1446554e-02
  4.2981128e-03
 -1.1592705e-02
  7.5780610e-03
 -1.2648777e-02
 -1.4639325e-02
  9.2776939e-03
 -1.9849991e-02
 -1.0459196e-02
 -6.8544340e-01
  2.3575123e-01
 -1.1644090e-02
  8.6636585e-01
 -1.6517957e-01
  2.4094509e-01
 -8.4374881e-01
  5.0736714e-02
 -1.7019655e-01
 -1.5914375e-01
  3.1141296e-01
 -2.5751960e-01
  6.9406533e-01
 -7.6557815e-02
 -8.9022285e-01
  2.5967959e-01
 -3.6766881e-01
  4.0688735e-01
  2.1520546e-02
 -1.4765020e-01
  9.7553670e-02
 -1.0985273e+00
 -2.9407681e-03
  1.5925745e-02
 -4.3057534e-01
  3.6430158e-02
  8.2231602e-03
  1.4648031e-02
  2.4101151e-02
  8.6182080e-02
  8.9277616e-03
  1.6125467e-02
  3.4000510e-03
  1.4259332e-02
 -2.9840549e-03
  1.1611471e-02
 -3.2191060e-03
 -3.5581125e-03
  7.1765892e-02
 -1.0116419e-02
 -1.2527059e-02
 -3.8077163e-03
 -3.9201491e-03
  7.8265639e-03
  1.2490552e-02
  3.4097480e-03
  1.1028915e-02
 -7.4887963e-04
  7.6214252e-03
 -5.7624006e-03
 -6.0367943e-03
  3.7800581e-03
  7.2368267e-03
 -5.9498136e-04
 -1.5828900e-01
 -3.1558406e-02
  1.5998332e-01
 -3.3011500e-02
  3.9770850e-03
 -2.2868412e-02
 -2.4619848e-02
 -1.4198275e-02
  3.3567563e-02
 -7.3356419e-03
  6.7080759e-07
 -8.1331158e-01
 -2.7370637e-02
  2.3470812e-02
  8.8549787e-03
  7.4890796e-03
 -1.3278514e-03
 -6.4255518e-04
 -1.3586267e-02
 -7.0296481e-02
 -3.6985382e-02
 -1.8372355e-02
  1.9162182e-03
  1.9385647e-02
 -4.4199317e-03
 -1.0543539e-02
  2.9063923e-02
 -1.1526100e-02
  1.6307572e-02
 -6.8357512e-03
 -2.0954790e-02
 -1.4267584e-02
 -1.8131401e-01
 -2.0255385e-02
 -3.2850038e-02
 -1.3249930e-02
  1.7426962e-03
 -4.5037214e-02
 -1.1721374e-02
  6.0637230e-03
 -1.3352753e-02
 -7.6737152e-03
  4.4899187e-03
  2.1960397e-01
 -2.0645579e-02
  8.7514753e-03
 -8.0320379e-03
 -1.7178747e-03
  2.7990704e-02
 -4.2016106e-03
  1.3431760e-02
  1.0436422e+00
  1.8114713e+00
  7.0146227e-01
 -4.1499811e-01
  3.4050441e-01
 -1.8572098e-02
 -6.5848774e-01
 -3.5595247e-01
 -1.3679600e+00
  2.2128715e-01
  1.9252852e-01
  1.9110595e-01
 -6.3963813e-01
 -8.7444234e-01
 -1.2509211e+00
 -1.3046859e-01
  2.0475058e-01
  5.1988639e-02
 -6.6015565e-01
 -7.6688784e-01
 -1.9242452e-01
  3.1202015e-01
  5.7002380e-02
 -5.2533519e-01
 -1.3027946e+00
 -3.9872026e-01
 -7.0980620e-03
 -1.3171618e-01
 -5.3790484e-02
 -3.2890150e-01
 -3.2581247e-02
 -7.5089809e-04
 -4.6519126e-04
 -2.6550261e-02
  8.2363419e-02
 -4.0926406e-01
  2.0812373e-01
 -6.0203260e-01
  2.8972295e-01
 -7.8644147e-03
 -7.9059711e-04
 -1.6894148e-01
 -2.8757322e-01
 -4.6702288e-02
  2.7857770e-03
  6.6960528e-03
 -6.8992175e-02
  1.8676234e-03
 -1.7778496e-01
 -3.3194281e-04
  2.3479622e-02
 -6.2956832e-02
  7.6342779e-03
 -9.8582178e-02
  2.1574262e-01
  3.1115606e-02
 -6.2670958e-01
 -1.7036153e-03
 -1.4339685e-03
 -2.0802356e-02
  4.6533374e-03
  5.3208945e-03
  1.6999858e-02
  4.2289928e-02
  1.1107240e-02
 -3.2635801e-03
  8.7624602e-03
 -1.0625313e-02
 -6.8175800e-06
  4.7390340e-03
 -1.9759909e+00
  2.0715199e+00
 -1.8347047e-01
  5.7254350e-01
  1.7368965e-01
  1.4796687e+00
 -1.9792469e-01
 -3.7651900e-02
 -5.0200950e-02
  3.6022541e-01
 -1.1057606e-02
 -6.0119826e-01
 -1.6239853e+00
 -4.1977146e-01
  3.6197010e-02
  3.0337679e-01
 -6.7648470e-02
 -9.6404329e-03
 -2.6819931e-02
  4.3306839e-02
  5.9434533e-02
 -1.0911820e-01
  2.4052938e-02
  7.4079245e-02
 -3.3351433e-01
  3.0464385e-02
  5.7769759e-04
  3.7210572e-03
  5.2974019e-03
 -1.2679568e-02
 -5.7906127e-03
  3.0995958e-02
  1.7463857e-02
 -3.4229927e-02
  6.9374945e-03
 -1.0376511e+00
  1.2196976e+00
  1.9636943e+00
  1.4460951e+00
 -9.9391651e-01
  4.4416294e-01
 -2.3405838e+00
 -2.4110150e-02
 -2.4665648e-01
  7.5955451e-01
 -3.9562172e-01
 -7.5624138e-01
  1.0881498e-02
 -2.0244221e-01
  4.2748612e-01
  5.7486540e-01
  4.7661480e-02
 -3.6720639e-01
  4.0683183e-01
  6.9423306e-01
  5.8842756e-02
  3.9596444e-01
 -6.8077669e-03
 -7.2685376e-02
 -7.3092449e-01
  3.2197412e-02
  2.3242798e-02
  1.6874237e-02
  3.6986573e-03
 -4.1575262e-01
 -1.5755560e-02
 -1.9090399e-03
 -1.3795435e-01
  1.0693239e-02
 -8.3578620e-03
 -1.8418573e+00
 -8.6541273e-02
 -1.0794487e+00
  1.3241725e+00
 -9.7245407e-01
 -5.4879025e-02
  1.0568454e+00
  2.8816661e-01
  4.2924064e-01
  5.4079913e-02
  9.3894675e-03
  3.7906060e-01
 -2.1533264e-01
  3.8637343e-01
 -1.0598263e+00
 -4.4188008e-01
  1.0222535e-01
  4.3069692e-03
 -1.4502227e-01
 -6.0903298e-04
 -1.8098849e-01
  1.9857312e-02
 -9.8779052e-03
 -5.2557248e-01
  1.2540640e-01
 -7.1461685e-02
 -5.8913517e-01
 -2.5887525e-02
 -3.9057210e-02
 -1.3283901e-01
  5.1864735e-03
  6.3619245e-04
 -8.9626191e-03
 -2.3695480e-03
 -8.6900908e-03
 -6.1636142e-02
  8.8511252e-01
 -1.1155484e+00
 -1.1637712e-01
 -1.6367962e+00
  5.7117689e-02
  4.0200993e-02
  2.8533638e-01
 -3.1407326e-02
 -9.8549351e-02
  9.1816463e-02
  1.0769919e+00
  4.6181116e-01
  1.8555807e-01
 -5.1699203e-02
 -2.2606878e-02
  7.3703796e-01
  2.9650165e-02
 -3.7731558e-02
 -3.0408111e-01
 -1.7378734e-01
  3.1794345e-01
  1.3556418e-01
  1.5883858e-04
 -3.2186216e-01
 -1.0054880e-01
 -1.3000014e-02
 -1.2371095e-02
 -2.5934028e-02
 -3.4464378e-02
 -3.1203808e-02
  1.5645782e-02
  1.7289014e-03
  5.8915121e-03
 -4.2406525e-02
 -1.9392872e+00
 -2.0027645e+00
 -7.9054676e-02
 -1.0064249e+00
  1.5680534e-01
 -2.9923043e-03
 -1.6818065e-02
 -1.5458804e-02
  1.0076029e+00
  5.4814853e-05
 -5.0824815e-01
  1.9544374e-02
  1.0405564e-02
  1.3495324e+00
  8.6162630e-03
  1.0548912e-02
 -9.3258661e-01
  9.5458748e-03
  4.1386583e-03
  4.0439321e-03
 -1.7340557e-03
  2.0641710e-01
 -1.8227906e-03
  2.8950745e-01
  1.6034703e-03
  2.8106894e-03
  8.1943152e-03
  7.4247625e-03
 -1.0956453e-02
 -2.5993986e-03
 -1.6264007e-03
  2.4345187e-03
 -1.5898662e-02
  4.3991122e-02
  4.9044904e-03
  4.7245966e-03
  2.4953522e-03
 -3.7374403e-03
  3.3934352e-03
 -2.0968568e-02
  2.2686101e-02
  3.3265681e-03
  3.0331737e-03
 -1.9075032e-02
 -5.4241787e-04
 -5.4910714e-03
 -5.5693118e-03
 -1.4550079e-02
  2.7473843e-02
  6.9542602e-03
  1.5474920e-03
  6.0946322e-03
 -6.3236556e-03
  7.4009150e-02
  1.9298211e-02
 -1.2224691e-03
  2.9318741e-02
 -9.0825763e-03
 -3.8993817e-02
  1.5515372e-02
 -1.9521937e-03
 -1.7132655e-02
  7.0278570e-03
  6.5825472e-04
 -8.9225806e-03
 -1.0325897e-03
  2.6108423e-02
  4.8718853e-03
 -4.6252892e-03
 -1.3443757e-02
 -1.5592337e-02
  1.7528220e+00
 -3.9749625e-01
 -6.9857463e-02
 -3.6917024e-03
  4.5035264e-01
 -1.2171754e+00
 -1.2296073e-02
 -2.6489341e-01
 -2.1890479e-01
  1.7946035e-02
 -1.5107087e-03
 -7.9449999e-01
  1.5200144e-01
 -6.0221350e-01
  7.1750808e-01
  5.2844387e-01
  4.6704551e-03
 -6.4476416e-03
  7.6972365e-02
  9.5079207e-01
  4.1692699e-03
 -3.9440086e-01
  2.4043084e-03
 -2.8585669e-01
 -7.9922783e-01
  1.2668436e+00
  5.0266767e-01
  1.5067738e+00
  2.4312163e-02
  2.1538060e-02
  9.9643463e-01
 -8.5210854e-01
  4.3918556e-01
  5.7473087e-01
 -3.4575090e-01
  2.5981536e-02
  1.3721119e-01
 -4.9405292e-01
 -4.2567354e-01
 -2.8838018e-02
 -3.6981627e-02
  1.6508605e+00
  9.1548270e-01
 -8.6306286e-01
 -4.3535966e-01
  9.6539712e-01
 -1.6936056e-01
  2.7650748e-03
 -7.6137418e-01
 -7.1633989e-03
  6.0540778e-03
  2.4315646e+00
 -3.2937470e-01
 -4.6246883e-01
 -5.8967441e-01
  1.0808901e+00
  1.2258102e+00
 -1.8566205e-01
  8.1182629e-02
  3.5836670e+00
  4.9007125e-03
 -6.8015754e-02
 -3.6834192e-03
  1.0317471e-02
  5.2278823e-01
  2.7588943e-01
  2.8783157e-01
  3.2657596e-01
 -1.5867241e-01
 -1.7596123e-01
  6.7295502e-03
  2.7585144e-03
 -1.5686036e+00
 -1.5369035e+00
 -2.2245817e+00
  1.9697396e+00
 -6.0518390e-01
 -3.0899479e-03
  2.0559587e-02
 -5.3022131e-03
  1.3868370e+00
 -8.9418166e-04
  1.5811330e-02
 -3.8515199e-02
 -4.5987195e-03
 -6.1616418e-03
 -1.5951091e-02
  5.8643237e-02
 -1.2332555e+00
 -5.0301686e-02
  2.2629441e-01
  8.9707559e-01
 -3.7121412e-04
  1.4443782e-02
 -9.3808002e-04
 -1.4134971e-03
 -7.8509551e-01
  2.5619683e-01
  2.2146858e-01
  2.8618413e-01
  5.5902574e-02
 -1.5965335e-02
 -2.3328429e-02
 -7.8179240e-01
  2.0449021e+00
 -8.9103496e-03
  6.5669678e-02
 -2.0536363e+00
  5.9093242e-03
  8.7031955e-03
 -2.8152077e-03
  2.4015906e-01
 -1.4656718e+00
 -6.3606091e-03
 -4.4580427e-04
  1.3034343e+00
 -1.4448161e-01
 -3.1899762e-01
 -1.9413257e-02
 -1.4214951e-01
  3.8600359e-02
 -1.1808853e+00
 -3.2849512e+00
  8.1023169e-01
 -2.6818523e-02
  4.5428704e-03
 -1.2014072e-02
  1.4839115e-02
 -1.6431922e-02
  1.0047098e-01
 -3.8739841e-02
 -1.4880675e+00
  1.9115856e-03
  1.3906120e-02
 -3.8451704e-03
 -2.1378733e-02
 -4.2150629e-01
 -1.3523132e+00
 -4.2373997e-01
  8.0824867e-02
  3.0020928e-02
  7.0926729e-03
 -2.1630812e-03
  6.1490264e-02
  3.5216069e-01
  4.4613442e-01
  7.2968251e-01
  3.0414052e-02
 -4.1890685e-02
 -2.3170434e-01
  1.6150409e-02
 -4.5199135e-01
 -8.3867711e-01
  8.2156323e-02
  1.8127283e+00
 -3.3978060e-02
  2.1643601e-03
 -4.0187682e-03
  4.6538045e-03
 -1.9978262e-01
  3.4778142e-01
 -5.9562330e-03
 -3.2289198e-01
 -2.2264488e+00
 -1.3089660e+00
 -8.3159551e-02
 -1.7878724e-03
  3.6026651e-01
  2.3699021e-01
 -1.8527598e+00
 -1.9238837e+00
  3.2126793e-01
  1.6473647e-02
  3.2547435e-01
  6.9723941e-02
  9.5081655e-03
 -1.0339526e+00
  2.7760717e-01
  3.1383497e-01
 -1.7414550e+00
  4.1079386e-03
 -1.5777857e-03
 -9.0934010e-04
  6.0022777e-01
  2.0723414e-01
 -1.6394567e+00
 -1.7812277e+00
  1.5574737e+00
 -3.2661434e-03
 -2.7966093e-02
 -1.1874229e-02
  1.2741813e-02
 -1.6042300e+00
  8.3972197e-03
  4.0755600e-01
 -2.1850075e-01
 -3.0798756e-03
 -8.8825993e-02
 -3.4550079e-03
  1.1793939e-02
  4.8060302e-02
 -1.8499701e-01
  8.3738321e-01
 -1.7707918e-02
 -4.2015142e-03
 -1.9607335e-02
 -1.7484307e-02
 -6.2696964e-02
  5.3499982e-02
  1.3564156e-02
  7.2285786e-02
 -2.0038624e+00
  4.1392894e-04
  2.9245338e-01
  1.1569154e-02
 -1.0363420e+00
 -2.4876172e-02
 -1.2246845e+00
  2.0427370e-02
  1.5767398e+00
 -1.4573488e-02
 -1.1312095e-03
 -6.5850667e-03
 -2.1912050e-02
 -1.6926230e-01
 -5.7600060e-04
 -2.0748491e-03
 -8.4760852e-02
  1.3554966e-02
  2.8677208e-03
  7.4060564e-03
 -1.1697605e-01
 -6.3438702e-01
 -2.4657218e-02
 -5.5031437e-01
  3.8577707e-03
  3.9692819e-03
 -1.5990928e-02
 -9.5201489e-03
  6.2216553e-03
  1.3518915e+00
  1.0216833e-01
  4.7315411e-02
  2.6149398e-01
 -2.5271675e-01
 -2.9380019e-03
  7.8599965e-03
  7.8946900e-01
  3.0004713e-01
  7.3042393e-01
  2.1956895e-02
 -1.1269196e-01
  1.2467293e-02
  1.7090691e-02
  5.6603680e-05
  2.7029994e-01
 -7.2688162e-02
 -3.3254880e-01
  4.0293526e-02
 -4.4219490e-02
  3.8879934e-01
  4.6455041e-01
 -4.5963372e-03
 -9.0722811e-01
  6.0037575e-03
  1.1178783e-01
  1.0820835e+00
 -1.8602004e+00
  1.8691887e-01
  9.3328459e-03
 -1.5685480e-02
 -1.2290964e-01
 -1.0551404e-01
  9.0009294e-02
 -3.0769378e-02
 -8.2527089e-01
  5.0570637e-02
 -4.8798346e-03
 -9.3817022e-03
 -5.7077521e-01
 -1.7570285e-01
 -4.7993147e-01
 -1.5512980e-02
 -2.3333622e-02
 -7.0105591e-03
  1.0186007e-03
  6.3934075e-03
 -3.1967456e-03
  4.8911354e-01
  1.0920288e-02
  3.0308166e-01
 -1.1867239e-01
 -1.3328779e-02
  6.3102068e-03
 -8.6915353e-03
  4.1970834e-01
  9.5885493e-02
  5.8076066e-01
  1.0138987e+00
 -5.7665527e-01
  2.9094670e-02
 -1.1897062e-02
  4.6242289e-03
 -2.9669222e-03
 -2.9503947e-01
 -2.3718537e-01
 -8.5654211e-01
  1.7592779e+00
  5.7388365e-02
  1.3150319e-01
  1.6990699e-02
  5.9322143e-01
 -3.6203977e-01
 -4.4245383e-01
 -3.2794330e-01
 -3.9809725e-01
  2.3430400e-03
 -8.4231631e-04
  2.1811539e-02
  7.8038760e-03
  2.3605990e-01
  6.4285862e-01
  3.4641001e-01
  5.8313876e-01
 -8.0483258e-02
  1.2864489e-02
 -2.3718333e-02
 -1.5699340e-01
 -2.5135726e-01
 -2.5637522e-01
 -7.6829427e-01
 -2.4207604e+00
 -1.2837365e-01
  1.0561160e-02
 -4.9246321e-03
  8.1714839e-03
  7.3452324e-01
 -1.3067582e-01
  7.3282504e-03
 -3.1048247e-01
 -5.5399460e-01
  9.1576800e-02
 -5.4509412e-03
 -5.3298716e-02
  2.0893157e-01
 -7.2998160e-01
 -3.2618064e-02
 -1.1790007e+00
  3.0248605e-03
  4.8351325e-03
 -2.2678375e-03
  5.1909905e-02
 -9.0178728e-01
 -1.1056248e+00
 -1.4644892e+00
 -4.1107735e-01
 -1.6433449e-02
 -2.4257211e-03
  5.6335633e-03
  6.9631268e-03
 -1.0881948e+00
 -5.3118354e-01
 -1.3861371e+00
  3.6053693e-01
  2.8145168e-04
  2.3691623e-02
 -1.0510600e-03
  9.2447162e-02
 -2.5809720e-01
  2.7908406e-03
 -1.9129699e-02
  4.7308870e-02
  3.4052513e-03
  4.5669968e-03
 -6.9607468e-04
  6.5340609e-03
  5.1560375e-04
 -5.6169550e-03
  2.5466899e-03
 -1.8213087e-01
  4.4958736e-03
 -1.1220968e-02
  1.0886133e-02
 -9.9253738e-03
  8.6941838e-01
 -1.1392272e-01
 -1.9745585e-01
  2.4716699e-01
 -2.1523360e-02
  1.6570615e-02
 -1.6075460e-03
  3.7974687e-03
 -5.3813318e-03
 -1.5632682e-01
 -9.6347117e-01
  4.9325690e-01
  4.1282085e-01
 -3.6478719e-01
 -9.6441470e-03
  1.3177590e-02
 -6.2000775e-01
 -4.9789613e-01
 -1.5686488e+00
  1.3697786e+00
 -2.3868572e-02
  2.7315374e-02
 -5.8525358e-03
 -6.7928075e-03
  4.4783726e-01
 -5.2032733e-01
 -4.7834003e-01
 -4.7770098e-02
 -1.1577003e+00
 -1.2158944e-03
 -7.5490223e-03
  1.9501756e-01
  1.5060063e-01
  1.4988010e-02
  6.5484382e-03
 -1.1905035e+00
  1.6505076e-03
 -2.4086908e-04
  5.8835512e-04
  1.1657945e-04
  1.3252579e+00
 -7.2421104e-01
 -8.5977782e-03
  2.5508735e-01
  1.0923125e-01
 -1.7757824e-03
  7.4690722e-02
 -2.4962902e+00
  6.6339725e-01
 -1.8638057e+00
 -2.0644746e+00
 -1.4927009e+00
 -1.3008136e-02
  6.3985190e-03
  3.1806682e-03
 -1.4564408e-02
 -1.8306600e-01
 -2.2161737e-01
 -6.7009526e-01
  3.1846684e-01
  4.2717930e-02
 -3.7545910e-01
 -1.1628385e-02
 -4.5008296e-01
 -6.9945562e-01
 -2.6087394e-01
 -1.7418200e+00
  1.3368165e+00
 -1.2065420e-02
  2.8150788e-04
  1.0843955e-02
 -4.9565579e-03
 -1.3976662e+00
 -3.1473860e-02
 -1.0287439e+00
 -2.9001164e-01
 -9.6584696e-01
  8.6141087e-04
  1.5858240e-02
 -9.4072777e-01
 -1.6767398e+00
 -1.2476769e-01
 -9.5766246e-02
  1.2186815e+00
  2.2216968e-01
  1.3861367e-02
  3.3293378e-02
  1.5926730e-03
 -1.1930362e+00
 -3.5099176e-01
 -5.7022983e-01
 -2.2819518e-01
  1.8325096e-02
 -5.9952222e-02
  1.1169549e-01
  4.8667488e-01
 -1.0716578e+00
 -2.2582997e-02
  4.4182166e-03
  7.1631479e-01
 -8.7675860e-04
 -3.4099272e-03
  1.6576502e-02
  3.3161391e-03
 -1.0032998e+00
 -8.3461446e-01
 -1.8697982e+00
  8.7955475e-01
  2.6942769e-01
 -2.6165897e-01
 -1.0127570e-02
  1.3558590e+00
 -5.7550352e-03
 -3.1676572e-02
 -9.1281168e-02
  1.0262424e-01
 -1.4790805e-01
 -9.8692507e-01
 -2.6449582e-03
  2.3485409e-02
  2.3034064e-01
  7.3003733e-01
 -7.3444200e-01
 -2.7370551e-01
  4.6406128e-02
 -4.3475777e-02
 -2.5118474e-02
  2.8901479e-01
  6.2557958e-02
  4.3798201e-03
 -6.0635507e-03
  8.0984861e-02
  3.4061659e-03
  2.9725608e-01
  3.3585753e-03
  1.7205951e-01
  1.3450181e+00
  7.0789722e-03
  1.0150311e-01
  6.3352334e-01
  1.1898124e-01
 -3.6056382e-03
  1.1431527e-01
 -3.1708449e-02
 -2.2258693e-01
 -6.1056549e-03
 -1.6919510e-01
  6.3815517e-03
 -4.8368782e-01
 -2.5946073e-02
 -1.1207645e-03
 -1.4700942e-01
 -1.9996372e-01
 -2.9827179e-02
 -4.8170847e-01
 -2.3627048e-02
 -1.8724948e+00
 -8.7282723e-01
  5.5018568e-04
  2.6634622e-01
  3.1361663e-01
  2.1511378e-02
 -3.1612162e-02
  9.3457347e-01
  1.2224515e-01
 -4.0844247e-01
  4.4866599e-02
  1.6745824e-01
 -8.2841974e-01
  5.8622729e-02
  5.4896522e-01
  8.2482928e-01
 -2.0665689e-01
 -6.4850554e-02
 -8.9470856e-03
  1.4754435e+00
  2.7348801e-02
 -4.2920712e-02
 -1.8261644e-03
  3.6052203e-01
 -2.1880778e-02
 -1.3421464e-02
  1.7478915e-02
  6.0806870e-01
  1.0518650e+00
  6.5543875e-02
  6.3505119e-01
 -1.2504708e+00
  8.7026662e-01
  8.1095248e-02
  1.8748894e-01
  9.1275081e-02
 -3.3543232e-01
 -3.0016284e-02
 -7.2041303e-01
  3.2886516e-02
 -5.3495842e-01
 -3.9569214e-01
  7.3617488e-02
 -4.5950466e-01
 -9.1695458e-01
  7.8137827e-01
 -1.0455704e-01
  5.7275391e-01
  6.3820386e-01
 -3.4357011e-01
 -2.2884651e-01
  3.6925438e-01
  3.9320233e-01
 -2.7313000e-03
  3.3477774e-01
  3.5421664e-01
 -7.0360191e-03
  5.8823614e-03
 -1.5400685e-03
 -3.2845569e-01
 -6.2913813e-02
  9.1908395e-01
  1.8233131e-01
 -1.9498273e+00
  1.5716708e-01
 -1.2752321e-01
 -4.7669735e-02
  2.9768145e-01
  7.8387577e-03
 -5.8822656e-01
 -2.0107196e-01
  1.5775453e+00
 -1.8972600e-02
  1.8205473e-02
  1.0167650e-03
  1.7889974e-01
 -4.5153171e-01
  1.3412473e-01
  2.0612758e-01
 -1.1898959e+00
 -2.6780778e-01
 -8.8462546e-02
 -2.9448420e-01
  2.3383324e-01
  4.6269163e-01
  3.5075519e-02
 -4.0429911e-01
  1.0832660e+00
 -1.1419535e-01
 -4.5496774e-01
 -1.6135110e-02
  7.4100238e-01
 -7.5613207e-01
  1.8414083e-01
  1.2945884e+00
 -1.6973264e+00
  2.2363853e-02
  8.7451404e-03
 -1.0591784e-03
  3.8952869e-01
 -1.3364104e+00
 -1.1459592e-02
 -2.1983564e-02
 -3.2921556e-01
  6.0548224e-03
 -2.1697279e-02
 -1.2383718e-02
 -4.7216374e-01
 -2.0235302e+00
 -9.3952447e-01
 -1.7270324e+00
  5.7245886e-01
 -3.4668513e-02
 -1.7728474e-02
  1.6353853e-02
 -4.9286056e-03
 -9.6104471e-03
  1.5080280e-02
 -3.0978161e-04
  1.1307514e-01
  1.6806778e-03
 -2.6371514e-03
 -3.5506007e-03
  1.2964677e-02
 -1.0017288e+00
  5.2163050e-02
  9.6024778e-03
 -7.5212032e-01
  4.9105674e-02
  1.0865193e-02
  3.7723803e-03
  2.2906421e-03
 -5.3263104e-01
 -2.5484115e-03
 -5.9728534e-04
 -4.2829776e-01
  2.6973827e-02
  6.7227311e-04
  1.3008382e-03
 -1.3747205e-01
 -9.2534280e-01
 -1.9529004e+00
 -2.9220161e+00
  1.9222558e+00
  8.3102724e-03
 -6.5207588e-03
 -4.6744309e-02
  2.2127198e-02
  4.9591911e-01
 -1.1118744e-02
  1.2597089e-02
  6.3296455e-01
 -1.1401461e-02
 -1.5959999e-01
 -2.1585287e-03
  8.4240377e-02
 -3.5311145e-01
 -4.8426986e-02
 -6.7011379e-03
  1.3615837e+00
 -2.2941995e-02
  4.5998213e-03
 -1.0393062e-02
  2.9836211e-03
  2.8474055e-02
 -1.1020926e-02
 -4.8616012e-03
  1.3906310e+00
 -1.0646069e-02
 -7.5467085e-03
  9.1008604e-01
  3.0287572e-03
 -2.7511913e-01
 -5.9872282e-01
 -5.7614392e-01
  6.2252963e-01
  1.0363922e-01
  3.2826420e-02
  8.7690592e-02
  1.2247425e-01
 -9.4674274e-02
 -2.3185324e-02
 -3.2336569e-01
 -5.4888391e-01
  4.8694913e-03
 -2.8149378e-01
 -9.1080414e-03
 -5.2802712e-01
  1.1898580e+00
  4.8504420e-02
 -4.3530270e-01
  1.4076129e-01
 -7.2833346e-03
  5.8796010e-03
 -8.0798892e-03
  2.1326000e-02
  6.6139591e-01
  5.3237263e-02
  3.8033250e-01
 -1.0413353e+00
 -5.1081102e-02
 -1.8203365e-02
 -1.3677271e-02
 -2.8997144e-02
  5.5013341e-01
 -4.3021461e-01
 -1.0379584e-01
  7.8812361e-01
  5.4114768e-03
 -1.1409166e-02
 -6.5195141e-03
 -6.4037316e-02
  1.9981490e-01
 -2.6837188e-01
 -5.3579372e-01
 -6.5776074e-01
 -3.8522869e-01
 -3.5086662e-02
 -1.4239478e-02
  3.2224092e-01
  1.0741941e+00
  3.9833674e-01
 -6.3133061e-02
  6.7779708e-01
  9.6502200e-02
  9.1434633e-03
  1.6385263e-04
  3.0272302e-01
 -1.5720909e+00
  2.5329217e-02
 -1.3604073e-01
 -2.3275186e-01
 -4.0775179e-03
 -1.1198686e-02
 -3.4964124e-03
 -4.9918480e-03
  3.7920630e-01
 -4.0737495e-01
  2.7274361e-01
  1.4069374e-01
  4.9566338e-03
 -1.2545626e-02
  9.3055945e-03
  2.3869902e-01
  3.9037068e-03
  1.3152977e-02
  2.1793388e-01
  2.7596368e-02
  4.0083948e-01
  1.1043305e+00
  1.1482413e-02
 -1.1482575e+00
  6.8281204e-01
  1.6116374e+00
  6.0367554e-01
 -2.7864337e-01
  2.6740776e-02
  1.9655038e-04
  7.3147714e-03
 -3.2164920e-02
  2.5686362e-01
  4.0692609e-04
 -9.1024237e-03
 -6.5371215e-02
 -1.7525874e-02
  2.8889768e-03
 -3.9489367e-03
 -8.8706630e-01
  1.8728885e-01
 -4.7286075e-01
  2.7769934e-02
  1.3670287e-02
 -8.1583709e-02
  3.4017440e-02
 -4.9506896e-03
  5.6091901e-03
 -2.5243488e-01
 -5.2172244e-03
 -2.2868453e-01
  3.9925501e-01
  2.9314673e-01
  9.6619350e-01
  1.3555152e-03
  8.1515723e-01
 -1.5324806e+00
 -9.9463560e-02
 -2.4418993e-01
 -3.0876666e-02
  5.4483972e-02
 -3.4725189e-03
  3.4037009e-02
 -2.1396416e-01
  2.5498012e-01
 -6.4702858e-03
 -5.5609167e-01
  4.8369095e-01
 -7.7214632e-03
  7.1884520e-02
 -1.4328751e-01
  9.1216296e-01
  1.4943278e-01
 -9.4618362e-01
 -9.3166269e-03
  4.4957939e-01
  3.3604959e-03
 -2.2943642e-03
 -1.0484417e-02
 -9.7395718e-01
  8.9552768e-02
  2.4246944e-02
 -8.6692788e-02
 -1.3556069e+00
  1.3406852e-01
  8.7434661e-01
 -2.8208732e-03
 -2.6853261e+00
  2.3230772e+00
 -5.2687263e-01
 -8.2149529e-01
  6.0401469e-01
 -6.7194551e-02
 -1.9072053e-01
 -7.6978724e-03
 -9.1133192e-03
 -6.9819665e-01
 -3.7068829e-03
 -3.4770703e-01
  2.4080051e-01
  1.6763386e-01
  1.2652138e-01
  1.3396407e-02
 -1.7650387e-01
  1.5878472e+00
 -1.1458210e+00
 -2.0342039e-02
  5.3617793e-01
  1.8516827e-01
 -8.5383039e-03
  1.8851424e-02
 -4.4378430e-01
 -8.1347320e-03
  1.3208074e-02
 -8.1020397e-01
  5.5355448e-01
  1.0684472e-01
  7.3962778e-01
 -9.5454771e-03
 -9.8043203e-02
 -1.4473696e+00
 -2.8199127e-01
 -4.8668522e-01
 -3.5779588e-02
 -1.0684272e-03
 -6.9155529e-02
  5.0288528e-02
  1.0008113e+00
  8.6195838e-01
 -2.3870163e-03
  1.8574458e-02
 -9.1648173e-01
  2.5232711e-01
  6.5265185e-01
 -6.7782565e-03
 -7.0071542e-01
 -1.6895410e+00
 -7.5484649e-03
  2.5979683e-01
 -5.1857764e-01
 -4.7222164e-02
  1.4280678e-02
  8.7332949e-03
 -1.1395648e+00
  9.1177866e-02
  5.1323798e-02
 -4.6485958e-01
 -1.5129074e+00
  4.9593676e-02
 -3.5231286e-03
 -2.0832205e-02
 -6.2752181e-01
 -1.9287784e-01
  3.3198154e-01
  1.5145071e-01
 -4.2227829e-01
 -3.2678191e-02
 -3.9540523e-01
 -7.4695960e-02
 -1.9984646e-01
  3.3141199e-01
 -1.7035678e-01
  9.2098755e-01
 -2.4010563e-01
 -2.6307642e-01
 -5.9446853e-01
 -1.5123930e-02
  1.1100003e+00
  7.5673229e-01
  1.4682621e+00
  1.5157969e+00
 -7.4892581e-01
  1.2573482e-02
  6.9296830e-03
 -5.3111091e-03
 -3.0470768e-01
  1.4630605e-02
  8.4774122e-03
 -4.5173257e-04
 -9.5955139e-01
 -4.2918436e-03
 -6.1806079e-02
 -5.6520924e-03
  1.0375743e-01
 -7.9012489e-01
 -1.7138380e+00
  1.6944243e-02
 -6.7545599e-01
 -9.6052242e-03
  2.5598161e-02
 -2.7290216e-02
  1.3475044e-01
 -1.2207958e-01
  9.7705472e-01
  1.1033876e+00
  2.2506413e+00
  2.2929536e-01
 -1.7220320e-03
 -1.2437488e-02
 -1.7028099e-01
 -3.3016360e-01
  1.2901140e+00
  1.5869508e-02
 -5.3743426e-02
  7.0428722e-02
  3.9127126e-02
 -1.6680029e-01
 -1.0174590e-02
 -5.0365943e-01
  1.0036292e-02
  4.1855109e-01
  6.3258216e-02
 -3.3900625e-01
 -4.9307731e-01
  9.5778117e-03
  5.6009358e-01
  8.7990570e-01
  1.1188936e+00
  2.8900661e+00
 -4.9523830e-01
  8.0249563e-02
 -1.1369491e-02
  1.2015449e-02
 -1.0329771e+00
 -6.4601623e-02
  7.3669755e-01
  1.4010475e+00
 -2.1444063e+00
 -4.7318342e-01
  5.1416967e-02
  6.3290293e-03
 -1.2924301e-02
  3.9690338e-02
 -1.0476581e+00
 -3.7069204e-01
 -8.2336920e-01
 -3.1357851e-02
  1.0774589e-01
 -2.3480622e-02
  8.7176010e-02
  2.9884681e-01
  2.5318924e-01
 -3.0828890e-01
 -1.3984812e+00
  3.3786649e-01
 -2.4236554e-01
  5.4823332e-03
 -5.4050994e-01
  1.2690020e-01
  3.9998919e-01
  1.1583575e+00
 -4.3436121e-02
  1.1618848e-01
 -8.6224861e-03
 -4.6266522e-03
  1.7660895e-02
  8.6794871e-01
  6.8227452e-01
  1.1707107e+00
 -8.9537102e-01
 -9.6399598e-03
 -7.3097050e-01
  8.7001380e-03
  1.0289598e+00
 -3.5715509e-02
  7.9203856e-01
  2.0007844e-01
 -2.5225699e-01
  4.1397542e-02
  8.3379187e-02
 -4.1663027e-03
 -2.5561497e-01
  7.5657767e-01
  7.4209428e-01
  5.2434516e-01
 -9.7962707e-01
 -2.9387447e-01
  4.5323500e-01
 -2.7989584e-03
  4.5683286e-03
 -3.1271655e-02
 -4.7411653e-01
 -2.7769849e-01
 -8.3557051e-01
 -8.2908146e-02
 -1.3708000e-02
 -1.5035830e-01
 -2.0642939e-01
  2.3707436e-01
  9.9319613e-01
 -1.3022764e-01
  3.2178396e-01
  5.6160215e-02
 -1.0949878e+00
 -3.4097055e-04
  1.4911956e-01
  6.2258027e-02
 -3.4654815e-02
  4.3054897e-01
 -6.5814137e-01
 -1.4044848e-01
 -2.3425467e-01
 -1.5703609e+00
 -8.0009133e-01
 -2.2442338e-01
  1.0859360e-02
  9.6071738e-01
  7.0105565e-01
  1.6388397e-01
 -3.1475487e-01
 -1.8946351e-02
 -3.4272265e-02
  8.4325844e-01
  7.5553107e-01
 -5.1322341e-01
  1.8816613e+00
  5.3675178e-02
 -1.6139476e-01
 -3.4611791e-01
 -1.1921558e-03
  2.5424665e-02
  1.7158572e-02
  3.7976351e-02
  1.3949247e-01
  8.1464862e-03
 -5.6235486e-04
  1.4400055e-02
  2.9030744e-02
  6.7465168e-01
  2.6367265e-01
 -1.0419082e-01
  8.1486284e-04
 -1.6432546e-02
 -5.7535361e-02
  2.3630480e-01
  4.9507952e-01
  1.8048571e-02
 -2.9763293e-02
  5.7750756e-01
  9.7448215e-02
  1.1621469e-02
 -3.6408141e-02
 -7.5231572e-03
 -7.0770019e-01
  4.2256105e-01
 -3.7925082e-01
 -7.7575564e-01
 -3.9110750e-01
 -3.1616697e-01
 -1.3332947e+00
 -1.3254677e+00
  4.6958077e-01
 -3.3239590e-03
  1.4297004e-02
  2.3276067e-01
  1.1838086e+00
 -4.8338443e-02
 -3.5795011e-02
  2.0260138e-02
  1.2725946e+00
 -6.1711162e-01
  1.4117153e-01
  6.3122332e-01
 -5.3274012e-01
  2.4143814e-01
 -9.5149261e-01
 -1.1160134e+00
  5.6272572e-01
  2.2182239e-03
 -1.5390370e-02
  4.6244442e-02
  2.1378359e-01
  8.9443512e-03
 -1.0724088e-01
 -7.0975968e-03
 -6.0948843e-01
  4.3808687e-02
  6.8689100e-02
  4.9326745e-01
  5.3353316e-01
 -1.6246250e-02
  2.6274613e-01
  1.9390431e-01
  1.7593502e-01
  4.0692564e-02
  1.1457474e-02
  6.5632939e-01
 -2.8375984e-04
  9.2842840e-03
 -1.0940731e-02
 -3.5139635e-02
  3.7450306e-02
 -1.1627932e+00
 -2.2645622e-02
 -1.0904552e+00
  4.8591971e-01
  2.4820212e-02
 -5.5371231e-01
 -6.0697949e-01
 -4.2534748e-01
  4.8923079e-02
 -1.1644448e-02
 -5.8935270e-02
  1.1463689e+00
 -2.1302585e-01
 -2.8661484e-01
 -5.8297353e-04
  1.6492851e-01
 -6.2291431e-01
  1.3063636e+00
 -2.4329677e+00
 -4.0051591e-02
 -2.4322035e-02
 -6.5707374e-01
 -1.6084107e+00
  2.2991539e-03
 -2.7421804e-03
 -6.9429893e-03
 -4.9142221e-01
 -6.6585742e-02
  3.1788009e-01
  2.9832330e-02
 -3.9452068e-03
 -9.3137681e-01
 -3.9166108e-01
  1.8055871e-01
  1.3183542e+00
  2.5153926e-03
 -1.3612838e-01
  3.2375935e-01
 -2.5052992e-01
  1.4461098e-02
 -7.0498791e-03
  2.9502166e-03
  5.4029191e-01
 -2.6863724e-01
 -1.3103016e-01
 -3.3914369e-01
  3.9976772e-02
 -7.7158637e-02
 -7.0741720e-02
  7.0747070e-02
  1.9267967e+00
  2.5367656e-01
  2.5763739e-02
 -2.1109862e-02
 -4.4361431e-02
  1.8345065e-02
  5.2870119e-01
  1.7126935e-02
 -3.9963022e-01
 -2.9487887e-01
  3.1647118e-04
  3.0967753e-02
 -1.9425727e-02
 -7.1765129e-03
 -1.2628265e-01
 -9.1051555e-01
 -2.0139396e+00
  3.6711016e-01
  1.0080253e-02
 -4.8099342e-03
 -5.3644535e-04
  7.0375050e-03
  1.1401128e-02
  1.2335011e-03
 -2.4444526e-02
 -1.1336430e-01
 -1.0567349e-02
  1.0385093e-02
 -9.8717501e-03
 -1.6522307e-02
 -1.3272576e-02
 -1.7197765e-02
 -1.2521573e+00
  3.9719108e-02
 -2.6473240e-03
  1.3659685e-02
  2.5578931e-03
 -6.3201793e-02
  2.5628187e-02
 -1.4405266e-02
 -6.7890952e-03
  5.2980329e-03
  1.7519221e-04
 -2.4329859e-03
 -1.3669976e-02
 -2.7883347e-02
 -5.9340262e-01
  1.4018193e-01
  1.3936691e-01
  7.5131691e-01
  1.1986637e-02
  5.8869016e-03
  2.5160873e-01
  2.8887516e-02
 -3.1695974e-01
 -1.7173793e-03
 -3.2536846e-01
  4.1437983e-03
 -3.7242258e-03
 -5.1403297e-03
 -7.6605449e-03
 -3.0791601e-03
 -6.0551101e-01
 -1.1061563e+00
  1.7004410e+00
  7.6904649e-01
  2.2459386e-03
  2.2054976e-02
  9.7010313e-03
  9.2421137e-03
 -1.1814246e-02
 -8.1778346e-03
  9.1345781e-01
 -1.6126339e-01
  6.9110398e-03
  5.7396763e-03
  2.3259377e-02
 -2.0320046e-01
 -9.9894059e-01
 -1.8882928e+00
 -3.1552595e-01
  8.2154506e-01
  1.6310394e-03
  3.6963623e-02
 -4.7387588e-03
  5.0923135e-02
  3.6532587e-01
  5.3654784e-01
 -3.2532373e-03
  1.7911783e-01
 -3.2333982e-01
  7.3390366e-03
 -9.5709966e-04
 -1.8318364e-03
  5.0108075e-02
  5.5631167e-01
  1.2578217e+00
 -1.4380546e+00
 -3.6482621e-02
 -1.7472545e-02
  2.9441133e-02
 -2.3877038e-02
  1.6377053e-01
 -4.7490081e-01
 -1.0608211e+00
  1.3242693e-01
  7.4436644e-04
 -2.0456580e-02
  9.8665748e-03
 -1.3557426e-02
  1.0205279e-01
  2.3064151e-01
 -1.4792067e+00
  9.9114007e-01
  8.4781377e-03
 -2.9031644e-03
 -3.7519433e-02
  7.7088010e-01
  1.9343013e-01
  2.1386755e-01
  4.0323172e-02
 -8.5202348e-01
  5.5058891e-01
  8.7609614e-04
  1.9964157e-03
 -1.0539605e-03
  3.8102487e-01
 -2.2611578e-01
 -1.1112896e+00
  1.3546786e+00
  9.8432624e-04
 -1.6963655e-02
 -9.5543411e-04
 -5.9107086e-03
 -2.2654833e-02
 -2.8928500e-01
  3.1484905e-01
  9.3077505e-01
 -7.7991276e-03
  2.1253484e-03
 -1.0907035e-02
  6.2474042e-05
  1.0492279e-01
 -6.3268775e-01
 -3.2137719e-01
  8.6430824e-01
 -2.2296218e-02
 -6.9275238e-03
  4.8583634e-02
 -1.1428058e+00
  3.5185000e-01
 -1.2745887e-01
 -8.1939608e-01
  1.0059760e+00
  4.9195951e-01
  7.6463807e-01
  1.7930694e-02
 -1.8226035e-02
 -2.9543144e-01
  5.0694108e-01
  1.5429825e+00
 -8.3663893e-01
 -3.9519083e-01
 -2.7133913e-03
 -2.8262807e-03
  3.4580559e-03
 -1.9951675e-03
 -2.2587825e-03
  3.6501589e-03
  4.0509662e-01
 -1.1696317e-02
  8.0034338e-02
  5.8239945e-03
  6.5457940e-02
  1.7123030e+00
  1.0119347e-02
 -2.1140450e-01
  2.0832153e-01
  2.1659984e-01
  1.5592320e-02
 -1.5259887e-02
  8.4415982e-03
  2.5290662e-01
 -8.0996595e-02
 -3.6979255e-01
 -1.6019186e-01
  2.7435401e-01
  3.0895334e-01
 -6.5513956e-03
 -6.9729429e-01
  6.9425476e-01
 -2.6216224e-01
 -1.6358616e+00
 -5.5848306e-01
 -1.2921450e+00
 -9.7567819e-02
 -2.6601993e-03
  7.3808789e-01
  4.5660663e-02
 -1.0846497e-02
 -5.3785700e-01
  1.7672616e-01
  2.5152415e-01
  7.6530731e-01
 -1.6358307e-02
  2.5710014e-01
 -2.1886237e-01
  1.9644673e-01
 -1.4882900e-02
  1.0456177e+00
 -1.6893053e+00
  5.1591550e-03
 -5.9002871e-03
  7.7384442e-01
  2.3858791e-02
  5.8689442e-02
 -6.2618055e-03
  9.6759754e-01
  1.2461743e-01
  1.4497474e-03
 -2.2936035e-03
 -2.6123151e-03
 -5.2531600e-01
  1.9187991e-01
  1.4840273e+00
 -8.2182068e-01
  6.0644966e-01
  3.2068894e-03
  9.4574049e-02
  1.5121306e-01
  3.6090198e-01
 -1.5506648e-02
 -6.7172658e-01
 -3.8939163e-01
  1.6239041e-01
  1.0213029e+00
 -1.8112165e-04
 -1.6831701e-01
 -6.2850371e-02
 -3.1066036e-03
 -1.2555356e+00
 -2.2057435e-01
  1.2312528e+00
 -2.5115675e-01
 -8.8095330e-03
 -9.1227338e-02
 -4.5461496e-03
 -3.5952986e-03
 -9.5663376e-02
  6.3015133e-01
  2.1959773e-01
  1.3807983e-02
  3.7216604e-02
  3.3181992e-03
  1.6443881e-01
  4.1717628e-01
 -3.8900140e-01
 -5.4224896e-01
  6.3554570e-02
  1.2295034e-02
  8.4952213e-02
  7.3234951e-01
  7.8738326e-01
 -2.1818006e-02
 -1.4079560e-01
  1.1289454e+00
  1.8018359e-01
  2.0081836e-01
 -2.3937204e-03
 -4.4903982e-02
  6.9175951e-02
  9.8935497e-01
  1.4500704e+00
 -5.0511944e-01
 -5.1137125e-01
 -5.0854456e-02
  4.1104998e-03
  7.2145092e-01
 -2.6598296e-03
  8.0379201e-03
 -2.6200190e-01
  1.9755239e+00
  3.3290029e-02
  8.3842552e-01
 -2.9535831e-03
  1.9380185e-01
  2.7280499e-03
  5.2716464e-01
  2.9368618e+00
 -3.8955194e-01
  4.8536438e-02
  4.8536438e-02
  4.8536438e-02
  4.8536438e-02
  4.8536438e-02
  7.9364896e-02
  7.9364896e-02
  7.9364896e-02
  7.9364896e-02
  7.9364896e-02
  3.8528685e-02
  3.8528685e-02
  3.8528685e-02
  3.8528685e-02
  3.8528685e-02
  2.2785250e-02
  2.2785250e-02
  2.2785250e-02
  2.2785250e-02
  2.2785250e-02
  8.4427670e-03
  8.4427670e-03
  8.4427670e-03
  8.4427670e-03
  8.4427670e-03
  2.7076919e-02
  2.7076919e-02
  2.7076919e-02
  2.7076919e-02
  2.7076919e-02
  1.3497400e-02
  1.3497400e-02
  1.3497400e-02
  1.3497400e-02
  1.3497400e-02
